0,0,0.000100
109,0,16.353547
110,0,199.608528
111,0,44.104661
112,0,-40.742075
113,0,-497.290611
114,0,-109.879243
115,0,24.388527
116,0,297.682083
117,0,65.774582
201,0,-177.959367
202,0,-436.017812
203,0,69.787685
204,0,106.527881
205,0,261.003702
206,0,-41.775459
1,1,0.000083
109,1,46.899557
110,1,1.051764
111,1,195.234178
112,1,-116.842249
113,1,-2.620291
114,1,-486.392664
115,1,69.942692
116,1,1.568527
117,1,291.158486
201,1,91.701564
202,1,-134.809969
203,1,-443.401209
204,1,-54.893280
205,1,80.698311
206,1,265.423461
2,2,0.000100
112,2,24.388527
113,2,297.682083
114,2,65.774582
115,2,-25.697623
116,2,-313.660674
117,2,-69.305144
118,2,1.309096
119,2,15.978591
120,2,3.530562
201,2,106.527881
202,2,261.003702
203,2,-41.775459
204,2,-112.245946
205,2,-275.013519
206,2,44.017827
207,2,5.718065
208,2,14.009817
209,2,-2.242369
3,3,0.000083
112,3,69.942692
113,3,1.568527
114,3,291.158486
115,3,-73.696985
116,3,-1.652720
117,3,-306.786912
118,3,3.754293
119,3,0.084193
120,3,15.628426
201,3,-54.893280
202,3,80.698311
203,3,265.423461
204,3,57.839770
205,3,-85.029930
206,3,-279.670516
207,3,-2.946490
208,3,4.331619
209,3,14.247055
4,4,0.000053
115,4,1.309096
116,4,15.978591
117,4,3.530562
118,4,-2.434220
119,4,-84.735498
120,4,-6.564963
121,4,55.023840
122,4,1.125124
123,4,13.733067
124,4,3.034401
204,4,5.718065
205,4,14.009817
206,4,-2.242369
207,4,-10.632551
208,4,-56.707980
209,4,4.169610
210,4,30.657192
211,4,4.914486
212,4,12.040971
213,4,-1.927241
5,5,0.000053
119,5,55.023840
121,5,-55.023840
208,5,30.657192
210,5,-30.657192
6,6,0.000017
128,6,-206.652919
129,6,-1492.563712
130,6,-214.856251
134,6,6.089582
135,6,43.982391
136,6,6.331315
169,6,200.563337
170,6,1448.581322
171,6,208.524936
217,6,-410.036554
218,6,-965.307911
219,6,269.574589
223,6,12.082826
224,6,28.445385
225,6,-7.943738
258,6,397.953728
259,6,936.862525
260,6,-261.630851
7,7,0.000113
128,7,200.766225
131,7,-207.896241
132,7,7.130015
217,7,120.248758
220,7,-124.519275
221,7,4.270517
8,8,0.000563
131,8,7.130015
132,8,-32.116205
133,8,24.986190
220,8,4.270517
221,8,-19.235973
222,8,14.965457
9,9,0.000450
132,9,24.986190
133,9,-24.986190
221,9,14.965457
222,9,-14.965457
10,10,0.000150
128,10,6.089582
129,10,43.982391
130,10,6.331315
134,10,-80.107004
135,10,-687.270392
136,10,-83.286946
137,10,108.692514
138,10,74.017422
139,10,534.595488
140,10,76.955631
217,10,12.082826
218,10,28.445385
219,10,-7.943738
223,10,-158.946702
224,10,-436.644087
225,10,104.497980
226,10,62.451817
227,10,146.863876
228,10,345.746884
229,10,-96.554243
11,11,0.000013
128,11,6.334344
129,11,3.187685
130,11,43.631136
134,11,-83.326787
135,11,-41.933236
136,11,-573.957200
138,11,76.992443
139,11,38.745551
140,11,530.326064
217,11,-9.752510
218,11,9.909016
219,11,29.093744
223,11,128.291951
224,11,-130.350752
225,11,-382.721277
227,11,-118.539441
228,11,120.441736
229,11,353.627533
12,12,0.000133
135,12,108.692514
137,12,-108.692514
224,12,62.451817
226,12,-62.451817
13,13,0.000023
134,13,563.911080
135,13,78.881861
136,13,54.677571
138,13,-587.085508
139,13,-82.123581
140,13,-56.924594
141,13,23.174428
142,13,3.241720
143,13,2.247023
223,13,363.985824
224,13,-145.785905
225,13,134.531849
227,13,-378.944146
228,13,151.777107
229,13,-140.060555
230,13,14.958322
231,13,-5.991202
232,13,5.528706
14,14,0.000013
134,14,76.992443
135,14,38.745551
136,14,530.326064
138,14,-80.156516
139,14,-40.337834
140,14,-552.120286
141,14,3.164073
142,14,1.592283
143,14,21.794222
223,14,-118.539441
224,14,120.441736
225,14,353.627533
227,14,123.410925
228,14,-125.391396
229,14,-368.160172
230,14,-4.871484
231,14,4.949660
232,14,14.532638
15,15,0.000090
138,15,23.174428
139,15,3.241720
140,15,2.247023
141,15,-934.107711
142,15,-130.666265
143,15,-90.572330
175,15,910.933284
176,15,127.424544
177,15,88.325306
227,15,14.958322
228,15,-5.991202
229,15,5.528706
230,15,-602.935423
231,15,241.491510
232,15,-222.849385
264,15,587.977101
265,15,-235.500308
266,15,217.320679
16,16,0.000067
138,16,3.041812
139,16,21.969678
140,16,3.162560
141,16,-122.608417
142,16,-885.547004
143,16,-127.475503
175,16,119.566605
176,16,863.577326
177,16,124.312942
227,16,6.035502
228,16,14.208776
229,16,-3.967983
230,16,-243.277147
231,16,-572.722974
232,16,159.940220
264,16,237.241646
265,16,558.514198
266,16,-155.972238
17,17,0.000167
138,17,3.164073
139,17,1.592283
140,17,21.794222
141,17,-127.536481
142,17,-64.181250
143,17,-878.474787
175,17,124.372408
176,17,62.588967
177,17,856.680565
227,17,-4.871484
228,17,4.949660
229,17,14.532638
230,17,196.358273
231,17,-199.509387
232,17,-585.777115
264,17,-191.486789
265,17,194.559727
266,17,571.244477
18,18,0.000023
144,18,-51323.656749
145,18,-7179.066319
146,18,-4976.225231
179,18,104.524947
180,18,14.621316
181,18,10.134878
189,18,1.907937
198,18,51217.223866
199,18,7164.445003
200,18,4966.090353
233,18,-35823.006644
234,18,14180.204180
235,18,-13162.075970
268,18,72.949096
269,18,-28.880253
270,18,26.806672
278,18,5.000281
287,18,35745.057266
288,18,-14151.323928
289,18,13135.269298
19,19,0.000007
144,19,-6658.475106
145,19,-48093.064573
146,19,-6922.791143
179,19,13.561049
180,19,97.945530
181,19,14.099371
190,19,1.809129
198,19,6644.914057
199,19,47993.309913
200,19,6908.691772
233,19,-14285.055488
234,19,-33245.583697
235,19,9337.285780
268,19,29.093799
269,19,67.700790
270,19,-19.016875
279,19,4.495784
287,19,14255.961689
288,19,33173.387123
289,19,-9318.268905
20,20,0.000020
144,20,-6966.606219
145,20,-3505.863534
146,20,-47987.994815
179,20,14.188607
180,20,7.140252
181,20,97.731518
191,20,1.819708
198,20,6952.417611
199,20,3498.723282
200,20,47888.443589
233,20,11597.440600
234,20,-11647.327731
235,20,-34402.113381
268,20,-23.620042
269,20,23.721645
270,20,70.056140
280,20,4.548520
287,20,-11573.820558
288,20,11623.606086
289,20,34327.508721
21,21,0.000067
147,21,-2170.588336
148,21,-303.629513
149,21,-210.463141
157,21,1829.186567
158,21,255.873036
159,21,177.360370
179,21,87.851156
180,21,12.288928
181,21,8.518165
182,21,253.550613
183,21,35.467550
184,21,24.584606
236,21,-1514.877194
237,21,599.733768
238,21,-556.673325
246,21,1276.609188
247,21,-505.404426
248,21,469.116761
268,21,61.312277
269,21,-24.273283
270,21,22.530479
271,21,176.955729
272,21,-70.056059
273,21,65.026086
22,22,0.000117
147,22,-281.611768
148,22,-2033.958712
149,22,-292.790679
157,22,237.318359
158,22,1714.046783
159,22,246.738992
179,22,11.397794
180,22,82.321286
181,22,11.850243
182,22,32.895614
183,22,237.590643
184,22,34.201444
236,22,-604.168321
237,22,-1405.889693
238,22,394.908671
246,22,509.141489
247,22,1184.763826
248,22,-332.795318
268,22,24.452764
269,22,56.901179
270,22,-15.983309
271,22,70.574068
272,22,164.224689
273,22,-46.130044
23,23,0.000410
147,23,-294.643783
148,23,-148.276056
149,23,-2029.514472
157,23,248.300629
158,23,124.954403
159,23,1710.301557
179,23,11.925245
180,23,6.001241
181,23,82.141413
182,23,34.417909
183,23,17.320412
184,23,237.071503
236,23,490.499055
237,23,-492.608968
238,23,-1454.801420
246,23,-413.350734
247,23,415.128789
248,23,1225.982454
268,23,-19.852179
269,23,19.937575
270,23,58.880804
271,23,-57.296141
272,23,57.542604
273,23,169.938162
24,24,0.000160
150,24,-2615.844726
151,24,-365.913540
152,24,-253.635794
154,24,595.549115
155,24,83.307500
156,24,57.745237
182,24,191.109044
183,24,26.733004
184,24,18.530188
185,24,1829.186567
186,24,255.873036
187,24,177.360370
239,24,-1825.626468
240,24,722.758152
241,24,-670.864649
243,24,415.640201
244,24,-164.550278
245,24,152.735690
271,24,133.377079
272,24,-52.803447
273,24,49.012199
274,24,1276.609188
275,24,-505.404426
276,24,469.116761
25,25,0.000107
150,25,-339.379257
151,25,-2451.188040
152,25,-352.851318
154,25,77.266443
155,25,558.061743
156,25,80.333625
182,25,24.794455
183,25,179.079515
184,25,25.778701
185,25,237.318359
186,25,1714.046783
187,25,246.738992
239,25,-728.102372
240,25,-1694.282181
241,25,475.916942
243,25,165.766996
244,25,385.737060
245,25,-108.351964
271,25,53.193887
272,25,123.781295
273,25,-34.769660
274,25,509.141489
275,25,1184.763826
276,25,-332.795318
26,26,0.000140
150,26,-355.084551
151,26,-178.692169
152,26,-2445.832146
154,26,80.842065
155,26,40.682829
156,26,556.842367
182,26,25.941857
183,26,13.054938
184,26,178.688222
185,26,248.300629
186,26,124.954403
187,26,1710.301557
239,26,591.115941
240,26,-593.658664
241,26,-1753.227252
243,26,-134.579309
244,26,135.158210
245,26,399.157078
271,26,-43.185898
272,26,43.371664
273,26,128.087719
274,26,-413.350734
275,26,415.128789
276,26,1225.982454
27,27,0.000093
153,27,-87.406874
186,27,87.406874
242,27,-74.807404
275,27,74.807404
28,28,0.000120
150,28,595.549115
151,28,83.307500
152,28,57.745237
154,28,-595.549115
155,28,-83.307500
156,28,-57.745237
239,28,415.640201
240,28,-164.550278
241,28,152.735690
243,28,-415.640201
244,28,164.550278
245,28,-152.735690
29,29,0.000133
150,29,77.266443
151,29,558.061743
152,29,80.333625
154,29,-77.266443
155,29,-558.061743
156,29,-80.333625
239,29,165.766996
240,29,385.737060
241,29,-108.351964
243,29,-165.766996
244,29,-385.737060
245,29,108.351964
30,30,0.000060
150,30,80.842065
151,30,40.682829
152,30,556.842367
154,30,-80.842065
155,30,-40.682829
156,30,-556.842367
239,30,-134.579309
240,30,135.158210
241,30,399.157078
243,30,134.579309
244,30,-135.158210
245,30,-399.157078
31,31,0.000030
147,31,1829.186567
148,31,255.873036
149,31,177.360370
157,31,-2208.573410
158,31,-308.942999
159,31,-214.146224
160,31,379.386843
161,31,53.069963
162,31,36.785854
236,31,1276.609188
237,31,-505.404426
238,31,469.116761
246,31,-1541.387390
247,31,610.229048
248,31,-566.415052
249,31,264.778202
250,31,-104.824622
251,31,97.298291
32,32,0.000930
157,32,379.386843
158,32,53.069963
159,32,36.785854
160,32,-520.093502
161,32,-72.752504
162,32,-50.428960
163,32,140.706659
164,32,19.682541
165,32,13.643105
246,32,264.778202
247,32,-104.824622
248,32,97.298291
249,32,-362.978909
250,32,143.701885
251,32,-133.384196
252,32,98.200707
253,32,-38.877264
254,32,36.085905
33,33,0.000983
157,33,49.221586
158,33,355.505999
159,33,51.175495
160,33,-67.476844
161,33,-487.355752
162,33,-70.155417
163,33,18.255258
164,33,131.849753
165,33,18.979922
246,33,105.599716
247,33,245.728794
248,33,-69.024214
249,33,-144.764446
250,33,-336.864472
251,33,94.623854
252,33,39.164730
253,33,91.135679
254,33,-25.599640
34,34,0.000967
157,34,51.499390
158,34,25.916469
159,34,354.729212
160,34,-70.599438
161,34,-35.528346
162,34,-486.290870
163,34,19.100048
164,34,9.611877
165,34,131.561658
246,34,-85.732004
247,34,86.100786
248,34,254.277842
249,34,117.528214
250,34,-118.033770
251,34,-348.584185
252,34,-31.796210
253,34,31.932984
254,34,94.306343
35,35,0.000160
160,35,18.255258
161,35,131.849753
162,35,18.979922
163,35,-143.630995
164,35,-1037.383902
165,35,-149.332597
166,35,125.375737
167,35,905.534149
168,35,130.352675
249,35,39.164730
250,35,91.135679
251,35,-25.599640
252,35,-308.145139
253,35,-717.048643
254,35,201.416034
255,35,268.980409
256,35,625.912965
257,35,-175.816394
36,36,0.000067
160,36,19.100048
161,36,9.611877
162,36,131.561658
163,36,-150.277739
164,36,-75.625524
165,36,-1035.117198
166,36,131.177691
167,36,66.013647
168,36,903.555539
249,36,-31.796210
250,36,31.932984
251,36,94.306343
252,36,250.170183
253,36,-251.246306
254,36,-741.995186
255,36,-218.373973
256,36,219.313322
257,36,647.688844
37,37,0.000133
163,37,966.362714
164,37,135.178208
165,37,93.699818
166,37,-966.362714
167,37,-135.178208
168,37,-93.699818
252,37,674.435043
253,37,-267.006112
254,37,247.835270
255,37,-674.435043
256,37,267.006112
257,37,-247.835270
38,38,0.000210
163,38,125.375737
164,38,905.534149
165,38,130.352675
166,38,-125.375737
167,38,-905.534149
168,38,-130.352675
252,38,268.980409
253,38,625.912965
254,38,-175.816394
255,38,-268.980409
256,38,-625.912965
257,38,175.816394
39,39,0.000133
163,39,131.177691
164,39,66.013647
165,39,903.555539
166,39,-131.177691
167,39,-66.013647
168,39,-903.555539
252,39,-218.373973
253,39,219.313322
254,39,647.688844
255,39,218.373973
256,39,-219.313322
257,39,-647.688844
40,40,0.000013
141,40,119.566605
142,40,863.577326
143,40,124.312942
172,40,1.688152
173,40,12.192783
174,40,1.755165
175,40,-121.254757
176,40,-889.886626
177,40,-126.068107
178,40,14.116516
230,40,237.241646
231,40,558.514198
232,40,-155.972238
261,40,3.349597
262,40,7.885620
263,40,-2.202160
264,40,-240.591243
265,40,-574.510791
266,40,158.174398
267,40,8.110973
41,41,0.000013
176,41,14.116516
178,41,-14.116516
265,41,8.110973
267,41,-8.110973
42,42,0.000043
144,42,104.524947
145,42,14.621316
146,42,10.134878
147,42,87.851156
148,42,12.288928
149,42,8.518165
179,42,-421.514499
180,42,-26.910244
181,42,-18.653044
188,42,229.138397
233,42,72.949096
234,42,-28.880253
235,42,26.806672
236,42,61.312277
237,42,-24.273283
238,42,22.530479
268,42,-282.654552
269,42,53.153536
270,42,-49.337151
277,42,148.393179
43,43,0.000057
144,43,13.561049
145,43,97.945530
146,43,14.099371
147,43,11.397794
148,43,82.321286
149,43,11.850243
179,43,-24.958843
180,43,-180.266817
181,43,-25.949614
233,43,29.093799
234,43,67.700790
235,43,-19.016875
236,43,24.452764
237,43,56.901179
238,43,-15.983309
268,43,-53.546564
269,43,-124.601969
270,43,35.000184
44,44,0.000063
144,44,14.188607
145,44,7.140252
146,44,97.731518
147,44,11.925245
148,44,6.001241
149,44,82.141413
179,44,-26.113852
180,44,-13.141492
181,44,-179.872930
233,44,-23.620042
234,44,23.721645
235,44,70.056140
236,44,-19.852179
237,44,19.937575
238,44,58.880804
268,44,43.472221
269,44,-43.659220
270,44,-128.936944
45,45,0.000287
147,45,253.550613
148,45,35.467550
149,45,24.584606
150,45,191.109044
151,45,26.733004
152,45,18.530188
182,45,-444.659657
183,45,-62.200553
184,45,-43.114794
236,45,176.955729
237,45,-70.056059
238,45,65.026086
239,45,133.377079
240,45,-52.803447
241,45,49.012199
271,45,-310.332808
272,45,122.859507
273,45,-114.038285
46,46,0.000233
147,46,32.895614
148,46,237.590643
149,46,34.201444
150,46,24.794455
151,46,179.079515
152,46,25.778701
182,46,-57.690070
183,46,-416.670158
184,46,-59.980145
236,46,70.574068
237,46,164.224689
238,46,-46.130044
239,46,53.193887
240,46,123.781295
241,46,-34.769660
271,46,-123.767955
272,46,-288.005984
273,46,80.899704
47,47,0.000640
147,47,34.417909
148,47,17.320412
149,47,237.071503
150,47,25.941857
151,47,13.054938
152,47,178.688222
182,47,-60.359766
183,47,-30.375350
184,47,-415.759725
236,47,-57.296141
237,47,57.542604
238,47,169.938162
239,47,-43.185898
240,47,43.371664
241,47,128.087719
271,47,100.482039
272,47,-100.914269
273,47,-298.025881
48,48,0.000093
150,48,237.318359
151,48,1714.046783
152,48,246.738992
153,48,87.406874
185,48,-237.318359
186,48,-1801.453657
187,48,-246.738992
239,48,509.141489
240,48,1184.763826
241,48,-332.795318
242,48,74.807404
274,48,-509.141489
275,48,-1259.571230
276,48,332.795318
49,49,0.000007
179,49,229.138397
188,49,-229.138397
268,49,148.393179
277,49,-148.393179
50,50,0.001000
189,50,1.631480
190,50,0.402179
191,50,0.054765
192,50,-1.631480
193,50,-0.402179
194,50,-0.054765
278,50,1.577342
279,50,-0.441929
280,50,0.536469
281,50,-1.577342
282,50,0.441929
283,50,-0.536469
51,51,0.001000
189,51,0.122912
190,51,1.500248
191,51,0.331488
192,51,-0.122913
193,51,-1.500248
194,51,-0.331488
278,51,0.624034
279,51,1.449763
280,51,-0.233402
281,51,-0.624034
282,51,-1.449763
283,51,0.233402
52,52,0.001000
189,52,0.354556
190,52,0.007951
191,52,1.475951
192,52,-0.354556
193,52,-0.007951
194,52,-1.475951
278,52,-0.323442
279,52,0.450866
280,52,1.491607
281,52,0.323442
282,52,-0.450866
283,52,-1.491607
53,53,0.000050
109,53,68.029987
110,53,166.680105
111,53,-26.678311
112,53,-169.485112
113,53,-415.255059
114,53,66.464462
115,53,101.455125
116,53,248.574954
117,53,-39.786151
201,53,42.779179
202,53,522.155141
203,53,115.373205
204,53,-25.607954
205,53,-312.566187
206,53,-69.063311
54,54,0.000047
109,54,-35.055509
110,54,51.534912
111,54,169.502616
112,54,87.334823
113,54,-128.390447
114,54,-422.286865
115,54,-52.279314
116,54,76.855534
117,54,252.784249
201,54,122.684362
202,54,2.751305
203,54,510.712297
204,54,-73.439827
205,54,-1.646953
206,54,-305.716410
55,55,0.000050
112,55,101.455125
113,55,248.574954
114,55,-39.786151
115,55,-106.900901
116,55,-261.917637
117,55,41.921740
118,55,5.445776
119,55,13.342683
120,55,-2.135589
201,55,-25.607954
202,55,-312.566187
203,55,-69.063311
204,55,26.982504
205,55,329.343708
206,55,72.770401
207,55,-1.374550
208,55,-16.777521
209,55,-3.707091
56,56,0.000047
112,56,-52.279314
113,56,76.855534
114,56,252.784249
115,56,55.085495
116,56,-80.980885
117,56,-266.352873
118,56,-2.806181
119,56,4.125351
120,56,13.568624
201,56,-73.439827
202,56,-1.646953
203,56,-305.716410
204,56,77.381834
205,56,1.735356
206,56,322.126258
207,56,-3.942007
208,56,-0.088403
209,56,-16.409848
57,57,0.000027
115,57,5.445776
116,57,13.342683
117,57,-2.135589
118,57,-10.126239
119,57,-54.007600
120,57,3.971057
121,57,29.197326
122,57,4.680463
123,57,11.467591
124,57,-1.835468
204,57,-1.374550
205,57,-16.777521
206,57,-3.707091
207,57,2.555931
208,57,88.972273
209,57,6.893211
210,57,-57.775032
211,57,-1.181380
212,57,-14.419720
213,57,-3.186121
58,58,0.000027
119,58,29.197326
121,58,-29.197326
208,58,-57.775032
210,58,57.775032
59,59,0.000007
128,59,-363.266050
129,59,-891.482053
130,59,248.957773
134,59,10.704608
135,59,26.269908
136,59,-7.336208
169,59,352.561442
170,59,865.212145
171,59,-241.621565
217,59,233.259482
218,59,1616.166645
219,59,232.649034
223,59,-6.873616
224,59,-47.624683
225,59,-6.855627
258,59,-226.385867
259,59,-1568.541962
260,59,-225.793407
60,60,0.000057
128,60,106.532676
131,60,-110.316080
132,60,3.783403
217,60,-226.614877
220,60,234.662882
221,60,-8.048005
61,61,0.000290
131,61,3.783403
132,61,-17.041837
133,61,13.258434
220,61,-8.048005
221,61,36.251166
222,61,-28.203162
62,62,0.000233
132,62,13.258434
133,62,-13.258433
221,62,-28.203162
222,62,28.203162
63,63,0.000073
128,63,10.704608
129,63,26.269908
130,63,-7.336208
134,63,-140.816569
135,63,-403.249950
136,63,96.506071
137,63,57.675560
138,63,130.111961
139,63,319.304482
140,63,-89.169863
217,63,-6.873616
218,63,-47.624683
219,63,-6.855627
223,63,90.420781
224,63,744.184972
225,63,90.184147
226,63,-117.693613
227,63,-83.547165
228,63,-578.866677
229,63,-83.328519
64,64,0.000007
128,64,-8.640098
129,64,9.151184
130,64,26.868681
134,64,113.658428
135,64,-120.381647
136,64,-353.451108
138,64,-105.018331
139,64,111.230463
140,64,326.582426
217,64,-7.149891
218,64,-3.451665
219,64,-47.244339
223,64,94.055111
224,64,45.405832
225,64,621.488030
227,64,-86.905220
228,64,-41.954167
229,64,-574.243691
65,65,0.000067
135,65,57.675560
137,65,-57.675560
224,65,-117.693613
226,65,117.693613
66,66,0.000010
134,66,322.468061
135,66,-134.636334
136,66,124.242977
138,66,-335.720173
139,66,140.169334
140,66,-129.348853
141,66,13.252112
142,66,-5.533000
143,66,5.105876
223,66,-636.514632
224,66,-85.414265
225,66,-59.205557
227,66,662.672767
228,66,88.924440
229,66,61.638662
230,66,-26.158136
231,66,-3.510175
232,66,-2.433105
67,67,0.000007
134,67,-105.018331
135,67,111.230463
136,67,326.582426
138,67,109.334152
139,67,-115.801578
140,67,-340.003622
141,67,-4.315822
142,67,4.571115
143,67,13.421196
223,67,-86.905220
224,67,-41.954167
225,67,-574.243691
227,67,90.476668
228,67,43.678311
229,67,597.842747
230,67,-3.571447
231,67,-1.724144
232,67,-23.599056
68,68,0.000043
138,68,13.252112
139,68,-5.533000
140,68,5.105876
141,68,-534.162057
142,68,223.022462
143,68,-205.806070
175,68,520.909945
176,68,-217.489462
177,68,200.700194
227,68,-26.158136
228,68,-3.510175
229,68,-2.433105
230,68,1054.374079
231,68,141.487065
232,68,98.072851
264,68,-1028.215944
265,68,-137.976889
266,68,-95.639746
69,69,0.000033
138,69,5.347067
139,69,13.122102
140,69,-3.664515
141,69,-215.527927
142,69,-528.921650
143,69,147.708140
175,69,210.180860
176,69,515.799548
177,69,-144.043625
227,69,-3.433445
228,69,-23.789042
229,69,-3.424460
230,69,138.394250
231,69,958.881365
232,69,138.032068
264,69,-134.960805
265,69,-935.092324
266,69,-134.607608
70,70,0.000067
138,70,-4.315822
139,70,4.571115
140,70,13.421196
141,70,173.960818
142,70,-184.251094
143,70,-540.977422
175,70,-169.644996
176,70,179.679979
177,70,527.556227
227,70,-3.571447
228,70,-1.724144
229,70,-23.599056
230,70,143.956803
231,70,69.496260
232,70,951.223480
264,70,-140.385356
265,70,-67.772116
266,70,-927.624424
71,71,0.000010
144,71,-29352.030485
145,71,12253.300829
146,71,-11307.397726
179,71,59.771759
180,71,-24.955806
181,71,23.029323
189,71,4.097043
198,71,29288.161684
199,71,-12228.345022
200,71,11284.368403
233,71,62638.518232
234,71,8308.016562
235,71,5792.442800
268,71,-127.568614
269,71,-16.920604
270,71,-11.797236
278,71,-2.328562
287,71,-62508.621056
288,71,-8291.095959
289,71,-5780.645564
72,72,0.000003
144,72,-11704.639657
145,72,-28727.945879
146,72,8021.561662
179,72,23.838370
180,72,58.501143
181,72,-16.337193
190,72,3.884866
198,72,11680.801287
199,72,28665.559871
200,72,-8005.224469
233,72,8126.408770
234,72,55655.980772
235,72,8058.291143
268,72,-16.550731
269,72,-113.348039
270,72,-16.411998
279,72,-2.093625
287,72,-8109.858039
288,72,-55540.539108
289,72,-8041.879145
73,73,0.000010
144,73,9502.508637
145,73,-10064.608994
146,73,-29554.485135
179,73,-19.353378
180,73,20.498185
181,73,60.184476
191,73,3.907584
198,73,-9483.155259
199,73,10044.110809
200,73,29490.393075
233,73,8502.470757
234,73,4057.181116
235,73,55859.150684
268,73,-17.316641
269,73,-8.263098
270,73,-113.761777
280,73,-2.118183
287,73,-8485.154116
288,73,-4048.918018
289,73,-55743.270723
74,74,0.000033
147,74,-1241.233658
148,74,518.237832
149,74,-478.232059
157,74,1046.005774
158,74,-436.726608
159,74,403.013157
179,74,50.236984
180,74,-20.974863
181,74,19.355692
182,74,144.990899
183,74,-60.536361
184,74,55.863210
236,74,2649.118275
237,74,351.377033
238,74,244.984029
246,74,-2232.450752
247,74,-296.110570
248,74,-206.451627
268,74,-107.218904
269,74,-14.221434
270,74,-9.915344
271,74,-309.448619
272,74,-41.045029
273,74,-28.617057
75,75,0.000060
147,75,-495.032903
148,75,-1214.847764
149,75,339.261786
157,75,417.171475
158,75,1023.769995
159,75,-285.900874
179,75,20.035680
180,75,49.169056
181,75,-13.731088
182,75,57.825749
183,75,141.908712
184,75,-39.629824
236,75,343.696162
237,75,2353.810637
238,75,340.815213
246,75,-289.637787
247,75,-1983.590682
248,75,-287.209969
268,75,-13.910563
269,75,-95.266791
270,75,-13.793961
271,75,-40.147812
272,75,-274.953164
273,75,-39.811283
76,76,0.000207
147,76,401.896562
148,76,-425.669884
149,76,-1249.804234
157,76,-338.684116
158,76,358.718243
159,76,1053.228324
179,76,-16.266133
180,76,17.228320
181,76,50.583865
182,76,-46.946313
183,76,49.723321
184,76,145.992045
236,76,359.601227
237,76,171.593334
238,76,2362.402413
246,76,-303.041218
247,76,-144.604215
248,76,-1990.831097
268,76,-14.554295
269,76,-6.944971
270,76,-95.614530
271,76,-42.005713
272,76,-20.044149
273,76,-275.956786
77,77,0.000080
150,77,-1495.849979
151,77,624.544819
152,77,-576.332596
154,77,340.560020
155,77,-142.190058
156,77,131.213586
182,77,109.284185
183,77,-45.628153
184,77,42.105852
185,77,1046.005774
186,77,-436.726608
187,77,403.013157
239,77,3192.536306
240,77,423.455588
241,77,295.238009
243,77,-726.844431
244,77,-96.408093
245,77,-67.216809
271,77,-233.241123
272,77,-30.936925
273,77,-21.569573
274,77,-2232.450752
275,77,-296.110570
276,77,-206.451627
78,78,0.000057
150,78,-596.579825
151,78,-1464.051503
152,78,408.855120
154,78,135.823271
155,78,333.320464
156,78,-93.084005
182,78,43.585079
183,78,106.961044
184,78,-29.870241
185,78,417.171475
186,78,1023.769995
187,78,-285.900874
239,78,414.199126
240,78,2836.651722
241,78,410.727204
243,78,-94.300675
244,78,-645.820222
245,78,-93.510223
271,78,-30.260664
272,78,-207.240818
273,78,-30.007012
274,78,-289.637787
275,78,-1983.590682
276,78,-287.209969
79,79,0.000073
150,79,484.338271
151,79,-512.988255
152,79,-1506.178652
154,79,-110.269247
155,79,116.791986
156,79,342.911547
182,79,-35.384908
183,79,37.478025
184,79,110.038780
185,79,-338.684116
186,79,358.718243
187,79,1053.228324
239,79,433.366824
240,79,206.792560
241,79,2847.005943
243,79,-98.664583
244,79,-47.080442
245,79,-648.177567
271,79,-31.661023
272,79,-15.107903
273,79,-207.997279
274,79,-303.041218
275,79,-144.604215
276,79,-1990.831097
80,80,0.000047
153,80,-64.642061
186,80,64.642061
242,80,101.152117
275,80,-101.152117
81,81,0.000077
150,81,340.560020
151,81,-142.190058
152,81,131.213586
154,81,-340.560020
155,81,142.190058
156,81,-131.213586
239,81,-726.844431
240,81,-96.408093
241,81,-67.216809
243,81,726.844431
244,81,96.408093
245,81,67.216809
82,82,0.000083
150,82,135.823271
151,82,333.320464
152,82,-93.084005
154,82,-135.823271
155,82,-333.320464
156,82,93.084005
239,82,-94.300675
240,82,-645.820222
241,82,-93.510223
243,82,94.300675
244,82,645.820222
245,82,93.510223
83,83,0.000047
150,83,-110.269247
151,83,116.791986
152,83,342.911547
154,83,110.269247
155,83,-116.791986
156,83,-342.911547
239,83,-98.664583
240,83,-47.080442
241,83,-648.177567
243,83,98.664583
244,83,47.080442
245,83,648.177567
84,84,0.000017
147,84,1046.005774
148,84,-436.726608
149,84,403.013157
157,84,-1262.955120
158,84,527.306941
159,84,-486.601071
160,84,216.949346
161,84,-90.580333
162,84,83.587914
236,84,-2232.450752
237,84,-296.110570
238,84,-206.451627
246,84,2695.477575
247,84,357.526096
248,84,249.271224
249,84,-463.026823
250,84,-61.415526
251,84,-42.819597
85,85,0.000717
157,85,216.949346
158,85,-90.580333
159,85,83.587914
160,85,-297.167236
161,85,124.174688
162,85,-114.588926
163,85,80.461983
164,85,-33.594354
165,85,31.001012
246,85,-463.026823
247,85,-61.415526
248,85,-42.819597
249,85,634.753804
250,85,84.193262
251,85,58.700491
252,85,-171.726981
253,85,-22.777736
254,85,-15.880894
86,86,0.000740
157,86,86.524454
158,86,212.337481
159,86,-59.297959
160,86,-118.614567
161,86,-290.857567
162,86,81.290334
163,86,32.090113
164,86,78.751538
165,86,-21.992375
246,86,-60.073023
247,86,-411.411401
248,86,-59.569475
249,86,82.352852
250,86,563.995299
251,86,81.662550
252,86,-22.279830
253,86,-152.583899
254,86,-22.093075
87,87,0.000737
157,87,-70.245595
158,87,74.400821
159,87,218.447356
160,87,96.298219
161,87,-101.994532
162,87,-299.232115
163,87,-26.052624
164,87,27.593711
165,87,81.017563
246,87,-62.852993
247,87,-29.991985
248,87,-412.913116
249,87,86.163856
250,87,41.115386
251,87,566.053970
252,87,-23.310863
253,87,-11.123401
254,87,-153.140854
88,88,0.000077
160,88,32.090113
161,88,78.751538
162,88,-21.992375
163,88,-252.482591
164,88,-619.611158
165,88,173.034346
166,88,220.392477
167,88,540.859620
168,88,-151.041971
249,88,-22.279830
250,88,-152.583899
251,88,-22.093075
252,88,175.296019
253,88,1200.518599
254,88,173.826643
255,88,-153.016189
256,88,-1047.934700
257,88,-151.733569
89,89,0.000037
160,89,-26.052624
161,89,27.593711
162,89,81.017563
163,89,204.980082
164,89,-217.105236
165,89,-637.440074
166,89,-178.927458
167,89,189.511525
168,89,556.422511
249,89,-23.310863
250,89,-11.123401
251,89,-153.140854
252,89,183.408110
253,89,87.518081
254,89,1204.900679
255,89,-160.097247
256,89,-76.394680
257,89,-1051.759825
90,90,0.000107
163,90,552.606824
164,90,-230.723491
165,90,212.912611
166,90,-552.240686
167,90,230.723491
168,90,-212.912611
252,90,-1179.407944
253,90,-156.435773
254,90,-109.068784
255,90,1179.407944
256,90,156.435773
257,90,109.068784
91,91,0.000143
163,91,220.392477
164,91,540.859620
165,91,-151.041971
166,91,-220.392477
167,91,-540.512443
168,91,151.041971
252,91,-153.016189
253,91,-1047.934700
254,91,-151.733569
255,91,153.016189
256,91,1047.934700
257,91,151.733569
92,92,0.000107
163,92,-178.927458
164,92,189.511525
165,92,556.422511
166,92,178.927458
167,92,-189.511525
168,92,-556.073304
252,92,-160.097247
253,92,-76.394680
254,92,-1051.759825
255,92,160.097247
256,92,76.394680
257,92,1051.759825
93,93,0.000007
141,93,210.180860
142,93,515.799548
143,93,-144.043625
172,93,2.967528
173,93,7.282535
174,93,-2.033741
175,93,-213.148388
176,93,-530.572736
177,93,146.077366
178,93,7.490653
230,93,-134.960805
231,93,-935.092324
232,93,-134.607608
261,93,-1.905501
262,93,-13.202498
263,93,-1.900515
264,93,136.866307
265,93,963.580362
266,93,136.508123
267,93,-15.285540
94,94,0.000007
176,94,7.490653
178,94,-7.490653
265,94,-15.285540
267,94,15.285540
95,95,0.000020
144,95,59.771759
145,95,-24.955806
146,95,23.029323
147,95,50.236984
148,95,-20.974863
149,95,19.355692
179,95,-231.596558
180,95,45.930669
181,95,-42.385015
188,95,121.587815
233,95,-127.568614
234,95,-16.920604
235,95,-11.797236
236,95,-107.218904
237,95,-14.221434
238,95,-9.915344
268,95,514.441981
269,95,31.142038
270,95,21.712580
277,95,-279.654462
96,96,0.000030
144,96,23.838370
145,96,58.501143
146,96,-16.337193
147,96,20.035680
148,96,49.169056
149,96,-13.731088
179,96,-43.874050
180,96,-107.670199
181,96,30.068281
233,96,-16.550731
234,96,-113.348039
235,96,-16.411998
236,96,-13.910563
237,96,-95.266791
238,96,-13.793961
268,96,30.461293
269,96,208.614830
270,96,30.205959
97,97,0.000033
144,97,-19.353378
145,97,20.498185
146,97,60.184476
147,97,-16.266133
148,97,17.228320
149,97,50.583865
179,97,35.619511
180,97,-37.726506
181,97,-110.768340
233,97,-17.316641
234,97,-8.263098
235,97,-113.761777
236,97,-14.554295
237,97,-6.944971
238,97,-95.614530
268,97,31.870936
269,97,15.208069
270,97,209.376307
98,98,0.000183
147,98,144.990899
148,98,-60.536361
149,98,55.863210
150,98,109.284185
151,98,-45.628153
152,98,42.105852
182,98,-254.275085
183,98,106.164515
184,98,-97.969062
236,98,-309.448619
237,98,-41.045029
238,98,-28.617057
239,98,-233.241123
240,98,-30.936925
241,98,-21.569573
271,98,542.689742
272,98,71.981955
273,98,50.186630
99,99,0.000160
147,99,57.825749
148,99,141.908712
149,99,-39.629824
150,99,43.585079
151,99,106.961044
152,99,-29.870241
182,99,-101.410828
183,99,-248.869756
184,99,69.500065
236,99,-40.147812
237,99,-274.953164
238,99,-39.811283
239,99,-30.260664
240,99,-207.240818
241,99,-30.007012
271,99,70.408476
272,99,482.193981
273,99,69.818295
100,100,0.000363
147,100,-46.946313
148,100,49.723321
149,100,145.992045
150,100,-35.384908
151,100,37.478025
152,100,110.038780
182,100,82.331221
183,100,-87.201346
184,100,-256.030825
236,100,-42.005713
237,100,-20.044149
238,100,-275.956786
239,100,-31.661023
240,100,-15.107903
241,100,-207.997279
271,100,73.666736
272,100,35.152052
273,100,483.954065
101,101,0.000047
150,101,417.171475
151,101,1023.769995
152,101,-285.900874
153,101,64.642061
185,101,-417.171475
186,101,-1088.412057
187,101,285.900874
239,101,-289.637787
240,101,-1983.590682
241,101,-287.209969
242,101,-101.152117
274,101,289.637787
275,101,2084.742799
276,101,287.209969
102,102,0.000003
179,102,121.587815
188,102,-121.587815
268,102,-279.654462
277,102,279.654462
103,103,0.000500
189,103,1.292415
190,103,-0.381877
191,103,0.460875
192,103,-1.292412
193,103,0.381877
194,103,-0.460875
278,103,-1.991157
279,103,-0.465424
280,103,-0.063748
281,103,1.991157
282,103,0.465424
283,103,0.063748
104,104,0.000500
189,104,0.511310
190,104,1.252759
191,104,-0.200513
192,104,-0.511310
193,104,-1.252757
194,104,0.200513
278,104,-0.150010
279,104,-1.736170
280,104,-0.385860
281,104,0.150010
282,104,1.736170
283,104,0.385860
105,105,0.000500
189,105,-0.265016
190,105,0.389599
191,105,1.281423
192,105,0.265016
193,105,-0.389599
194,105,-1.281421
278,105,-0.432722
279,105,-0.009202
280,105,-1.718042
281,105,0.432722
282,105,0.009202
283,105,1.718042
106,106,0.003500
109,106,1.000000
107,107,0.003500
110,107,1.000000
108,108,0.003500
111,108,1.000000
0,109,16.353547
1,109,46.899557
53,109,68.029987
54,109,-35.055509
106,109,1.000000
290,109,205.827472
326,109,163.051021
0,110,199.608528
1,110,1.051764
53,110,166.680105
54,110,51.534912
107,110,1.000000
290,110,50.738923
326,110,-48.177581
0,111,44.104661
1,111,195.234178
53,111,-26.678311
54,111,169.502616
108,111,1.000000
290,111,6.909183
326,111,58.143962
0,112,-40.742075
1,112,-116.842249
2,112,24.388527
3,112,69.942692
53,112,-169.485112
54,112,87.334823
55,112,101.455125
56,112,-52.279314
290,112,-512.784048
291,112,306.956576
326,112,-406.213815
327,112,243.162794
0,113,-497.290611
1,113,-2.620291
2,113,297.682083
3,113,1.568527
53,113,-415.255059
54,113,-128.390447
55,113,248.574954
56,113,76.855534
290,113,-126.407375
291,113,75.668452
326,113,120.026228
327,113,-71.848647
0,114,-109.879243
1,114,-486.392664
2,114,65.774582
3,114,291.158486
53,114,66.464462
54,114,-422.286865
55,114,-39.786151
56,114,252.784249
290,114,-17.213050
291,114,10.303868
326,114,-144.855768
327,114,86.711805
0,115,24.388527
1,115,69.942692
2,115,-25.697623
3,115,-73.696985
4,115,1.309096
53,115,101.455125
54,115,-52.279314
55,115,-106.900901
56,115,55.085495
57,115,5.445776
290,115,306.956576
291,115,-323.432992
292,115,16.476416
293,115,3.754293
326,115,243.162794
327,115,-256.214970
328,115,13.052176
329,115,-2.806181
0,116,297.682083
1,116,1.568527
2,116,-313.660674
3,116,-1.652720
4,116,15.978591
53,116,248.574954
54,116,76.855534
55,116,-261.917637
56,116,-80.980885
57,116,13.342683
290,116,75.668452
291,116,-79.730085
292,116,4.061633
293,116,0.084193
326,116,-71.848647
327,116,75.705245
328,116,-3.856598
329,116,4.125351
0,117,65.774582
1,117,291.158486
2,117,-69.305144
3,117,-306.786912
4,117,3.530562
53,117,-39.786151
54,117,252.784249
55,117,41.921740
56,117,-266.352873
57,117,-2.135589
290,117,10.303868
291,117,-10.856945
292,117,0.553078
293,117,15.628426
326,117,86.711805
327,117,-91.366209
328,117,4.654403
329,117,13.568624
2,118,1.309096
3,118,3.754293
4,118,-2.434220
55,118,5.445776
56,118,-2.806181
57,118,-10.126239
291,118,16.476416
292,118,-30.637346
293,118,-6.980982
294,118,14.160930
295,118,1.125124
296,118,3.226690
327,118,13.052176
328,118,-24.270086
329,118,5.218000
330,118,11.217910
331,118,4.680463
332,118,-2.411819
2,119,15.978591
3,119,0.084193
4,119,-84.735498
5,119,55.023840
55,119,13.342683
56,119,4.125351
57,119,-54.007600
58,119,29.197326
291,119,4.061633
292,119,-7.552471
293,119,-0.156555
294,119,3.490838
295,119,13.733067
296,119,0.072361
327,119,-3.856598
328,119,7.171216
329,119,-7.670953
330,119,-3.314618
331,119,11.467591
332,119,3.545602
2,120,3.530562
3,120,15.628426
4,120,-6.564963
55,120,-2.135589
56,120,13.568624
57,120,3.971057
291,120,0.553078
292,120,-1.028429
293,120,-29.060538
294,120,0.475352
295,120,3.034401
296,120,13.432111
327,120,4.654403
328,120,-8.654708
329,120,-25.230404
330,120,4.000305
331,120,-1.835468
332,120,11.661780
4,121,55.023840
5,121,-55.023840
57,121,29.197326
58,121,-29.197326
4,122,1.125124
57,122,4.680463
292,122,14.160930
293,122,3.226690
294,122,-32.022850
295,122,-2.544302
296,122,-7.296681
297,122,17.861920
298,122,1.419178
299,122,4.069992
328,122,11.217910
329,122,-2.411819
330,122,-25.367645
331,122,-10.584175
332,122,5.453972
333,122,14.149735
334,122,5.903712
335,122,-3.042153
4,123,13.733067
57,123,11.467591
292,123,3.490838
293,123,0.072361
294,123,-7.894014
295,123,-31.055300
296,123,-0.163635
297,123,4.403176
298,123,17.322234
299,123,0.091273
328,123,-3.314618
329,123,3.545602
330,123,7.495518
331,123,-25.932262
332,123,-8.017855
333,123,-4.180900
334,123,14.464671
335,123,4.472253
4,124,3.034401
57,124,-1.835468
292,124,0.475352
293,124,13.432111
294,124,-1.074938
295,124,-6.861849
296,124,-30.374734
297,124,0.599586
298,124,3.827448
299,124,16.942623
328,124,4.000305
329,124,11.661780
330,124,-9.046098
331,124,4.150639
332,124,-26.371391
333,124,5.045793
334,124,-2.315171
335,124,14.709612
294,125,17.861920
295,125,1.419178
296,125,4.069992
297,125,-17.861920
298,125,-1.419178
299,125,-4.069992
330,125,14.149735
331,125,5.903712
332,125,-3.042153
333,125,-216.384110
334,125,-5.903712
335,125,3.042153
356,125,202.234375
294,126,4.403176
295,126,17.322234
296,126,0.091273
297,126,-4.403176
298,126,-17.322234
299,126,-0.091273
321,126,0.000000
330,126,-4.180900
331,126,14.464671
332,126,4.472253
333,126,4.180900
334,126,-200.573069
335,126,-4.472253
357,126,186.108398
294,127,0.599586
295,127,3.827448
296,127,16.942623
297,127,-0.599586
298,127,-3.827448
299,127,-16.942623
322,127,-0.000000
330,127,5.045793
331,127,-2.315171
332,127,14.709612
333,127,-5.045793
334,127,2.315171
335,127,-200.818010
358,127,186.108398
6,128,-206.652919
7,128,200.766225
10,128,6.089582
11,128,6.334344
59,128,-363.266050
60,128,106.532676
63,128,10.704608
64,128,-8.640098
300,128,-1775.177597
301,128,-214.959029
302,128,46.394251
307,128,1528.017121
308,128,200.563337
309,128,208.624685
336,128,-1006.847284
337,128,293.205897
338,128,26.530183
343,128,873.784425
344,128,352.561442
345,128,-284.565799
6,129,-1492.563712
10,129,43.982391
11,129,3.187685
59,129,-891.482053
63,129,26.269908
64,129,9.151184
300,129,-220.234188
301,129,-108.175630
302,129,6.489791
307,129,213.744397
308,129,1448.581322
309,129,104.987945
336,129,375.897872
337,129,-310.549858
338,129,-11.076838
343,129,-364.821034
344,129,865.212145
345,129,301.398674
6,130,-214.856251
10,130,6.331315
11,130,43.631136
59,130,248.957773
63,130,-7.336208
64,130,26.868681
300,130,-152.657027
301,130,-1480.643696
302,130,4.498449
307,130,148.158579
308,130,208.524936
309,130,1437.012561
336,130,-346.880143
337,130,-911.801707
338,130,10.221753
343,130,336.658390
344,130,-241.621565
345,130,884.933026
7,131,-207.896241
8,131,7.130015
60,131,-110.316080
61,131,3.783403
300,131,200.766225
336,131,106.532676
7,132,7.130015
8,132,-32.116205
9,132,24.986190
60,132,3.783403
61,132,-17.041837
62,132,13.258434
8,133,24.986190
9,133,-24.986190
61,133,13.258434
62,133,-13.258433
6,134,6.089582
10,134,-80.107004
11,134,-83.326787
13,134,563.911080
14,134,76.992443
59,134,10.704608
63,134,-140.816569
64,134,113.658428
66,134,322.468061
67,134,-105.018331
300,134,46.394251
301,134,6.334344
302,134,-610.305332
303,134,74.017422
336,134,26.530183
337,134,-8.640098
338,134,-348.998245
339,134,130.111961
6,135,43.982391
10,135,-687.270392
11,135,-41.933236
12,135,108.692514
13,135,78.881861
14,135,38.745551
59,135,26.269908
63,135,-403.249950
64,135,-120.381647
65,135,57.675560
66,135,-134.636334
67,135,111.230463
300,135,6.489791
301,135,3.187685
302,135,-85.371651
303,135,534.595488
336,135,-11.076838
337,135,9.151184
338,135,145.713172
339,135,319.304482
6,136,6.331315
10,136,-83.286946
11,136,-573.957200
13,136,54.677571
14,136,530.326064
59,136,-7.336208
63,136,96.506071
64,136,-353.451108
66,136,124.242977
67,136,326.582426
300,136,4.498449
301,136,43.631136
302,136,-59.176019
303,136,76.955631
336,136,10.221753
337,136,26.868681
338,136,-134.464730
339,136,-89.169863
10,137,108.692514
12,137,-108.692514
63,137,57.675560
65,137,-57.675560
10,138,74.017422
11,138,76.992443
13,138,-587.085508
14,138,-80.156516
15,138,23.174428
16,138,3.041812
17,138,3.164073
63,138,130.111961
64,138,-105.018331
66,138,-335.720173
67,138,109.334152
68,138,13.252112
69,138,5.347067
70,138,-4.315822
302,138,563.911080
303,138,-77.059234
338,138,322.468061
339,138,-135.459028
10,139,534.595488
11,139,38.745551
13,139,-82.123581
14,139,-40.337834
15,139,3.241720
16,139,21.969678
17,139,1.592283
63,139,319.304482
64,139,111.230463
66,139,140.169334
67,139,-115.801578
68,139,-5.533000
69,139,13.122102
70,139,4.571115
302,139,78.881861
303,139,-556.565165
338,139,-134.636334
339,139,-332.426584
10,140,76.955631
11,140,530.326064
13,140,-56.924594
14,140,-552.120286
15,140,2.247023
16,140,3.162560
17,140,21.794222
63,140,-89.169863
64,140,326.582426
66,140,-129.348853
67,140,-340.003622
68,140,5.105876
69,140,-3.664515
70,140,13.421196
302,140,54.677571
303,140,-80.118191
338,140,124.242977
339,140,92.834378
13,141,23.174428
14,141,3.164073
15,141,-934.107711
16,141,-122.608417
17,141,-127.536481
40,141,119.566605
66,141,13.252112
67,141,-4.315822
68,141,-534.162057
69,141,-215.527927
70,141,173.960818
93,141,210.180860
303,141,3.041812
313,141,910.933284
314,141,124.372408
339,141,5.347067
349,141,520.909945
350,141,-169.644996
13,142,3.241720
14,142,1.592283
15,142,-130.666265
16,142,-885.547004
17,142,-64.181250
40,142,863.577326
66,142,-5.533000
67,142,4.571115
