0,0,1.000000
804,0,-18156.901042
1,1,1.000000
805,1,-18156.901042
2,2,1.000000
806,2,-18156.901042
3,3,53392337.161162
4,3,945032.160728
5,3,8401796.431022
11,3,-88829729.102354
12,3,-1572265.895324
13,3,-13978209.994961
14,3,45359861.689393
15,3,802859.181766
16,3,7137809.360391
235,3,-9922469.736899
236,3,-175625.446187
237,3,-1561395.796207
256,3,-19049349.262558
257,3,-22023795.755874
258,3,9116797.276126
264,3,31692722.676211
265,3,36641359.319098
266,3,-15167768.922717
267,3,-16183517.963803
268,3,-18710481.358471
269,3,7745243.706839
488,3,3540144.550918
489,3,4092917.793880
490,3,-1694272.059648
509,3,-33.708032
510,3,44.038903
512,3,19.261733
513,3,-25.165087
646,3,-38.672095
647,3,14.446299
648,3,-18.873816
667,3,70.072722
668,3,7.162701
670,3,-40.041556
671,3,-4.092972
804,3,-80.187883
805,3,-30.031167
806,3,-3.069729
3,4,945032.160728
4,4,16726567.037282
5,4,-1079627.073005
6,4,-14510928.510568
11,4,-1572265.897407
12,4,-3686195.063503
13,4,1796193.714216
14,4,802859.181766
15,4,1882312.373067
16,4,-917205.300918
235,4,-175625.445346
236,4,-411755.831527
237,4,200638.659641
256,4,6249722.575217
257,4,-8501382.405962
258,4,759629.048054
259,4,9012681.724064
264,4,-10397768.532140
265,4,-850657.271973
266,4,-1263807.620111
267,4,5309498.824706
268,4,434378.181442
269,4,645348.572083
488,4,-1161452.867933
489,4,-95020.227436
490,4,-141170.000010
509,4,168.302996
510,4,-30.673470
512,4,-57.658942
513,4,17.527697
646,4,-33.230903
647,4,-43.244207
648,4,13.145773
667,4,262.217238
668,4,48.710923
670,4,-110.793972
671,4,-27.834813
804,4,2.504721
805,4,-83.095479
806,4,-20.876110
3,5,8401796.431022
4,5,-1079627.073005
5,5,2008266.188558
11,5,-13978209.991959
12,5,1796193.714489
13,5,-3341186.225349
14,5,7137809.360391
15,5,-917205.300918
16,5,1706137.647124
235,5,-1561395.797419
236,5,200638.659532
237,5,-373217.610256
256,5,-6677110.107247
257,5,-3969028.831178
258,5,1100418.564166
264,5,11108820.355920
265,5,6603340.002553
266,5,-1830784.867861
267,5,-5672589.117774
268,5,-3371918.299636
269,5,934868.868826
488,5,1240878.869312
489,5,737607.127957
490,5,-204502.565040
509,5,57.521631
510,5,128.248003
511,5,-47.179822
512,5,-32.869504
513,5,-46.324675
646,5,12.095371
647,5,-24.652128
648,5,-34.743506
667,5,2.208543
668,5,228.402375
669,5,-47.829379
670,5,-1.262025
671,5,-103.184569
804,5,-14.810339
805,5,-0.946518
806,5,-77.388427
4,6,-14510928.510568
6,6,14510928.505939
257,6,9012681.719297
259,6,-9012681.719297
509,6,-67.399848
667,6,-68.327787
7,7,6984778.806847
8,7,-2777474.029903
9,7,-9676796.533208
10,7,5469491.765611
260,7,-4338219.172755
261,7,1725078.406428
262,7,6010221.003074
263,7,-3397080.236748
510,7,-47.179822
511,7,142.446801
668,7,-47.829379
669,7,144.407963
7,8,-2777474.029903
8,8,2777474.028745
260,8,1725078.405237
261,8,-1725078.405237
511,8,-58.974778
669,8,-59.786724
7,9,-9676796.533208
9,9,24034205.168724
10,9,-14357408.653198
260,9,6010220.994641
262,9,-14927552.120997
263,9,8917331.126356
511,9,-36.292201
669,9,-36.791860
7,10,5469491.765611
9,10,-14357408.653198
10,10,8887916.897077
260,10,-3397080.236748
262,10,8917331.136128
263,10,-5520250.899380
3,11,-88829729.102354
4,11,-1572265.897407
5,11,-13978209.991959
11,11,196559400.508207
12,11,3479056.449655
13,11,30930507.213649
14,11,-113399654.179734
15,11,-2007147.955420
16,11,-17844523.393099
235,11,5669982.711174
236,11,100357.397721
237,11,892226.170049
256,11,31692722.665850
257,11,36641359.313255
258,11,-15167768.920694
264,11,-70128577.813206
265,11,-81078752.513265
266,11,33562722.714127
267,11,40458794.888570
268,11,46776203.377404
269,11,-19363109.260111
488,11,-2022939.745475
489,11,-2338810.169809
490,11,968155.463355
509,11,19.261733
510,11,-25.165087
512,11,-48.154331
513,11,62.912718
514,11,-77.344189
515,11,28.892599
516,11,-37.747631
667,11,-40.041556
668,11,-4.092972
670,11,100.103889
671,11,10.232430
672,11,-160.375765
673,11,-60.062333
674,11,-6.139458
3,12,-1572265.895324
4,12,-3686195.063503
5,12,1796193.714489
11,12,3479056.449655
12,12,8156686.948403
13,12,-3974556.304182
14,12,-2007147.950612
15,12,-4705780.932201
16,12,2293013.252670
235,12,100357.397721
236,12,235289.046633
237,12,-114650.662615
256,12,-10397768.531959
257,12,-850657.272807
258,12,-1263807.619809
264,12,23007828.241629
265,12,1882305.454394
266,12,2796510.477659
267,12,-13273747.061927
268,12,-1085945.455010
269,12,-1613371.429449
488,12,663687.353088
489,12,54297.272680
490,12,80668.571510
509,12,-57.658942
510,12,17.527697
512,12,144.147355
513,12,-43.819243
514,12,-66.461806
515,12,-86.488413
516,12,26.291546
667,12,-110.793972
668,12,-27.834813
670,12,276.984930
671,12,69.587032
672,12,5.009442
673,12,-166.190958
674,12,-41.752219
3,13,-13978209.994961
4,13,1796193.714216
5,13,-3341186.225349
11,13,30930507.213649
12,13,-3974556.304182
13,13,7393263.136540
14,13,-17844523.400028
15,13,2293013.252042
16,13,-4265344.117511
235,13,892226.170049
236,13,-114650.662615
237,13,213267.205891
256,13,11108820.355068
257,13,6603340.002845
258,13,-1830784.867975
264,13,-24581219.509811
265,13,-14611645.962294
266,13,4051098.430841
267,13,14181472.793288
268,13,8429795.748587
269,13,-2337172.171975
488,13,-709073.639722
489,13,-421489.787454
490,13,116858.608603
509,13,-32.869504
510,13,-46.324675
512,13,82.173759
513,13,115.811687
514,13,24.190742
515,13,-49.304255
516,13,-69.487012
667,13,-1.262025
668,13,-103.184569
670,13,3.155061
671,13,257.961422
672,13,-29.620678
673,13,-1.893037
674,13,-154.776853
3,14,45359861.689393
4,14,802859.181766
5,14,7137809.360391
11,14,-113399654.179734
12,14,-2007147.950612
13,14,-17844523.400028
14,14,70234345.066534
15,14,1204288.772649
16,14,10706714.040586
17,14,-572795227.947415
18,14,574189358.909311
256,14,-16183517.963803
257,14,-18710481.358471
258,14,7745243.706839
264,14,40458794.912480
265,14,46776203.390887
266,14,-19363109.264779
267,14,-25638305.057995
268,14,-28065722.037707
269,14,11617865.560258
270,14,-145506039.334880
271,14,146869067.447171
512,14,28.892599
513,14,-37.747631
514,14,181.329068
515,14,-48.154331
516,14,62.912718
518,14,-51.562793
519,14,19.261733
520,14,-25.165087
670,14,-60.062333
671,14,-6.139458
672,14,320.436759
673,14,100.103889
674,14,10.232430
676,14,-106.917177
677,14,-40.041556
678,14,-4.092972
3,15,802859.181766
4,15,1882312.373067
5,15,-917205.300918
11,15,-2007147.955420
12,15,-4705780.932201
13,15,2293013.252042
14,15,1204288.772649
15,15,11601678.689378
16,15,-1375807.951377
21,15,-8778210.125148
256,15,5309498.824706
257,15,434378.181442
258,15,645348.572083
264,15,-13273747.062345
265,15,-1085945.453087
266,15,-1613371.430145
267,15,7964248.237059
268,15,-4800545.177001
269,15,968022.858124
274,15,5452112.449164
512,15,-86.488413
513,15,26.291546
514,15,110.769677
515,15,196.569441
516,15,-43.819243
518,15,-44.307871
519,15,-57.658942
520,15,17.527697
670,15,-166.190958
671,15,-41.752219
672,15,-8.349070
673,15,330.128747
674,15,69.587032
676,15,3.339628
677,15,-110.793972
678,15,-27.834813
3,16,7137809.360391
4,16,-917205.300918
5,16,1706137.647124
11,16,-17844523.393099
12,16,2293013.252670
13,16,-4265344.117511
14,16,10706714.040586
15,16,-1375807.951377
16,16,2559206.470687
256,16,-5672589.117774
257,16,-3371918.299636
258,16,934868.868826
264,16,14181472.795255
265,16,8429795.747915
266,16,-2337172.171711
267,16,-8508883.676660
268,16,-5057877.449453
269,16,1402303.303238
512,16,-49.304255
513,16,-69.487012
514,16,-40.317904
515,16,82.173759
516,16,115.811687
518,16,16.127162
519,16,-32.869504
520,16,-46.324675
670,16,-1.893037
671,16,-154.776853
672,16,49.367797
673,16,3.155061
674,16,257.961422
676,16,-19.747119
677,16,-1.262025
678,16,-103.184569
14,17,-572795227.947415
17,17,185593566065.796509
18,17,-186184423485.005646
267,17,588839297.899784
270,17,-441970230.452613
271,17,-146869067.447171
514,17,-52.422086
672,17,-53.143817
675,17,-17179.064941
14,18,574189358.909311
17,18,-186184423485.005646
18,18,186777594089.532410
267,18,-591171089.095532
270,18,591171089.095532
517,18,27.579399
521,18,-27.579399
675,18,17315.068478
679,18,-27.959103
19,19,7021732.088779
25,19,-7021732.093351
272,19,-4333913.397619
278,19,4333913.397619
521,19,-46.884948
679,19,-47.530445
20,20,1755433.022195
25,20,-1755433.023338
273,20,-1083478.349405
278,20,1083478.349405
521,20,-46.884948
679,20,-47.530445
15,21,-8778210.125148
21,21,8778210.120519
268,21,5452112.444398
274,21,-5452112.444398
515,21,-52.422086
673,21,-53.143817
22,22,4252487.033381
23,22,75268.048291
24,22,669169.627537
100,22,-12757461.093579
101,22,-225804.144301
102,22,-2007508.882468
103,22,8504974.066761
104,22,150536.096581
105,22,1338339.255073
275,22,-1517204.809107
276,22,-1754107.627357
277,22,726116.597516
353,22,4551614.427766
354,22,5262322.881276
355,22,-2178349.792201
356,22,-3034409.618213
357,22,-3508215.254713
358,22,1452233.195032
514,22,-51.562793
515,22,19.261733
516,22,-25.165087
518,22,111.201782
519,22,-40.081742
520,22,60.150861
523,22,-20.966895
524,22,6.373710
525,22,-16.111958
563,22,14.446299
564,22,-18.873816
672,22,-106.917177
673,22,-40.041556
674,22,-4.092972
676,22,227.393789
677,22,80.194476
678,22,5.948291
681,22,-40.288730
682,22,-10.121753
683,22,1.214411
721,22,-30.031167
722,22,-3.069729
22,23,75268.048291
23,23,176466.784975
24,23,-85987.996961
100,23,-225804.145022
101,23,-529400.354855
102,23,257963.990845
103,23,150536.096581
104,23,352933.569950
105,23,-171975.993922
275,23,497765.514816
276,23,40722.954510
277,23,60501.428633
353,23,-1493296.544536
354,23,-122168.863453
355,23,-181504.285889
356,23,995531.029632
357,23,81445.909020
358,23,121002.857266
514,23,-44.307871
515,23,-57.658942
516,23,17.527697
518,23,89.491324
519,23,117.748490
520,23,-36.537894
523,23,-11.952551
524,23,-16.845342
525,23,5.864424
563,23,-43.244207
564,23,13.145773
672,23,3.339628
673,23,-110.793972
674,23,-27.834813
676,23,-5.385431
677,23,231.411124
678,23,55.891695
681,23,-0.458918
682,23,-37.521673
683,23,-7.180773
721,23,-83.095479
722,23,-20.876110
24,24,5097682.015191
22,24,669169.627537
23,24,-85987.996961
26,24,7406597.416160
63,24,-12344329.025004
100,24,-2007508.881428
101,24,257963.990939
102,24,-479851.213209
103,24,1338339.255073
104,24,-171975.993922
105,24,319900.808836
275,24,-531805.229791
276,24,-316117.340591
277,24,-2979162.099420
279,24,-4600209.083809
316,24,7667015.139682
353,24,1595415.689497
354,24,948352.021596
355,24,-262931.869304
356,24,-1063610.459583
357,24,-632234.681182
358,24,175287.912905
514,24,16.127162
515,24,-32.869504
516,24,-46.324675
518,24,-35.226801
519,24,66.672575
520,24,178.451331
523,24,7.004269
524,24,-9.150944
525,24,-18.750112
563,24,-24.652128
564,24,-34.743506
672,24,-19.747119
673,24,-1.262025
674,24,-103.184569
676,24,49.118028
677,24,3.696897
678,24,299.167613
681,24,-14.560570
682,24,-1.488354
683,24,-38.878986
721,24,-0.946518
722,24,-77.388427
19,25,-7021732.093351
25,25,8777165.122403
20,25,-1755433.023338
272,25,4333913.402296
273,25,1083478.350574
278,25,-5417391.752870
517,25,-27.579399
521,25,121.349295
675,25,-27.959103
679,25,123.019994
26,26,15527655.477762
24,26,7406597.416160
27,26,-790038.168939
28,26,-3627721.178796
63,26,-18516493.537506
277,26,-4600209.083809
279,26,-9644166.918430
280,26,490689.659830
281,26,2253163.632886
316,26,11500522.709523
522,26,183.102666
680,26,185.623565
26,27,-790038.168939
27,27,790038.167782
279,27,490689.658639
280,27,-490689.658639
522,27,-31.453237
680,27,-31.886275
26,28,-3627721.178796
28,28,3627721.174166
279,28,2253163.628120
281,28,-2253163.628120
522,28,-33.699873
680,28,-34.163842
29,29,6251009.339165
30,29,204355.779562
31,29,740331.670690
32,29,-3144956.318619
33,29,1367372.941403
64,29,-13823434.995189
65,29,-478932.570878
66,29,-1850828.394781
67,29,2372388.005459
68,29,173453.416348
72,29,6977621.043399
73,29,101123.375803
74,29,1110496.724246
282,29,-2600787.158837
283,29,-1409903.596402
284,29,790232.142582
285,29,1953320.239301
286,29,-849270.059187
317,29,4811335.876330
318,29,5203821.451438
319,29,-1975579.521598
320,29,-758082.596567
321,29,-906549.284154
325,29,-2556516.300229
326,29,-2887368.572063
327,29,1185347.379387
518,29,-20.966895
519,29,6.373710
520,29,-16.111958
523,29,162.865425
524,29,-37.923575
525,29,80.551913
526,29,-57.658942
527,29,17.527697
528,29,-44.307871
547,29,14.022168
548,29,-20.132084
676,29,-40.288730
677,29,-10.121753
678,29,1.214411
681,29,281.459794
682,29,60.224432
683,29,-1.279659
684,29,-110.793972
685,29,-27.834813
686,29,3.339628
705,29,-22.267866
706,29,-3.274380
29,30,204355.779562
30,30,108677.662451
31,30,-43040.700533
64,30,-645275.406968
65,30,-395363.147062
66,30,107601.705857
67,30,105733.617655
68,30,70757.490926
72,30,335186.009978
73,30,215927.993790
74,30,-64561.005348
282,30,329593.130891
283,30,-12989.107616
284,30,76244.948234
317,30,-1014589.832363
318,30,70152.823476
319,30,-190612.290050
320,30,175538.760002
321,30,-4959.102515
325,30,509457.941407
326,30,-52204.613302
327,30,114367.341836
518,30,-11.952551
519,30,-16.845342
520,30,5.864424
523,30,71.117676
524,30,109.297203
525,30,-37.400983
526,30,-32.869504
527,30,-46.324675
528,30,16.127162
547,30,-46.127186
548,30,15.409397
676,30,-0.458918
677,30,-37.521673
678,30,-7.180773
681,30,2.730563
682,30,229.341482
683,30,58.961159
684,30,-1.262025
685,30,-103.184569
686,30,-19.747119
705,30,-88.635240
706,30,-32.033267
29,31,740331.670690
30,31,-43040.700533
31,31,181988.271933
64,31,-2277045.664656
65,31,209702.101832
66,31,-454970.487602
67,31,394663.694726
68,31,-19908.449752
72,31,1142050.301666
73,31,-146752.951461
74,31,272982.215719
282,31,-555608.703185
283,31,-273114.779121
284,31,99719.486413
317,31,1751290.117575
318,31,990856.194873
319,31,-249298.610670
320,31,-288066.516374
321,31,-178234.108267
325,31,-907614.897804
326,31,-539507.307755
327,31,149579.124316
518,31,7.004269
519,31,-9.150944
520,31,-18.750112
523,31,-39.167740
524,31,69.762353
525,31,111.563168
526,31,19.261733
527,31,-25.165087
528,31,-51.562793
547,31,-35.446321
548,31,-41.250263
676,31,-14.560570
677,31,-1.488354
678,31,-38.878986
681,31,70.399832
682,31,2.909622
683,31,231.329964
684,31,-40.041556
685,31,-4.092972
686,31,-106.917177
705,31,2.671704
706,31,-85.533802
29,32,-3144956.318619
32,32,6615981.641158
33,32,-3471025.326092
282,32,1953320.236561
285,32,-4109160.676802
286,32,2155840.440242
523,32,-47.179822
681,32,-47.829379
29,33,1367372.941403
32,33,-3471025.326092
33,33,2103652.385579
282,33,-849270.059187
285,33,2155840.441158
286,33,-1306570.381971
523,34,-57.658942
524,34,17.527697
525,34,-44.307871
526,34,126.849672
527,34,-38.560934
528,34,97.477315
529,34,-69.190730
530,34,21.033237
531,34,-53.169445
681,34,-110.793972
682,34,-27.834813
683,34,3.339628
684,34,243.746738
685,34,61.236588
686,34,-7.347182
687,34,-132.952766
688,34,-33.401775
689,34,4.007554
35,35,403080.536875
37,35,-403080.535718
288,35,-250351.766547
290,35,250351.766547
523,35,-32.869504
524,35,-46.324675
525,35,16.127162
526,35,72.312908
527,35,124.380878
528,35,-35.479756
529,35,-39.443404
530,35,-55.589610
531,35,19.352594
681,35,-1.262025
682,35,-103.184569
683,35,-19.747119
684,35,2.776454
685,35,249.781958
686,35,43.443662
687,35,-1.514429
688,35,-123.821483
689,35,-23.696543
523,36,19.261733
524,36,-25.165087
525,36,-51.562793
526,36,-42.375812
527,36,55.363192
528,36,113.438144
529,36,23.114079
530,36,-30.198105
531,36,-61.875351
681,36,-40.041556
682,36,-4.092972
683,36,-106.917177
684,36,88.091422
685,36,9.004539
686,36,235.217789
687,36,-48.049867
688,36,-4.911567
689,36,-128.300612
35,37,-403080.535718
37,37,403080.534561
288,37,250351.765356
290,37,-250351.765356
527,37,-22.466593
685,37,-22.775906
526,38,-69.190730
527,38,21.033237
528,38,-53.169445
529,38,132.091455
530,38,-40.154379
531,38,101.505350
532,38,-62.900724
533,38,19.121143
534,38,-48.335905
684,38,-132.952766
685,38,-33.401775
686,38,4.007554
687,38,253.819034
688,38,63.767055
689,38,-7.650788
690,38,-120.866267
691,38,-30.365280
692,38,3.643234
526,39,-39.443404
527,39,-55.589610
528,39,19.352594
529,39,75.301079
530,39,106.125667
531,39,-36.945878
532,39,-35.857675
533,39,-50.536057
534,39,17.593284
684,39,-1.514429
685,39,-123.821483
686,39,-23.696543
687,39,2.891185
688,39,236.386575
689,39,45.238875
690,39,-1.376755
691,39,-112.565092
692,39,-21.542332
40,40,367269.293363
41,40,-367269.292206
293,40,-228109.541346
294,40,228109.541346
526,40,23.114079
527,40,-30.198105
528,40,-61.875351
529,40,-44.126898
530,40,57.650954
531,40,139.571098
532,40,21.012819
533,40,-27.452849
534,40,-56.250373
684,40,-48.049867
685,40,-4.911567
686,40,-128.300612
687,40,91.731606
688,40,9.376632
689,40,266.678271
690,40,-43.681739
691,40,-4.465065
692,40,-116.637032
40,41,-367269.292206
41,41,367269.291048
293,41,228109.540154
294,41,-228109.540154
531,41,-21.445374
689,41,-21.740627
42,42,18430934.944579
43,42,862917.071329
44,42,5848186.233605
51,42,-30718224.895720
52,42,-1438195.118246
53,42,-9746977.055377
54,42,12287289.963052
55,42,575278.047553
56,42,3898790.822404
295,42,-7032392.284035
296,42,-5318552.077507
297,42,3979533.452132
304,42,11720653.806007
305,42,8864253.461645
306,42,-6632555.751969
307,42,-4688261.522690
308,42,-3545701.385004
309,42,2653022.301421
529,42,-62.900724
530,42,19.121143
531,42,-48.335905
532,42,149.389137
533,42,-45.412688
534,42,114.797711
541,42,26.291546
542,42,-66.461806
687,42,-120.866267
688,42,-30.365280
689,42,3.643234
690,42,17466.122167
691,42,72.117499
692,42,-8.652676
693,42,-17179.064941
699,42,-41.752219
700,42,5.009442
42,43,862917.071329
43,43,382069.369099
44,43,-151519.879358
51,43,-1438195.118783
52,43,-636782.281759
53,43,252533.132167
54,43,575278.047553
55,43,254712.912733
56,43,-101013.252905
295,43,1229507.888495
296,43,-45664.767166
297,43,518630.837646
304,43,-2049179.814267
305,43,76107.945306
306,43,-864384.729330
307,43,819671.925663
308,43,-30443.178111
309,43,345753.891764
529,43,-35.857675
530,43,-50.536057
531,43,17.593284
532,43,85.161930
533,43,120.023070
534,43,-41.784026
541,43,-69.487012
542,43,24.190742
687,43,-1.376755
688,43,-112.565092
689,43,-21.542332
690,43,3.269792
691,43,267.341946
692,43,51.163010
699,43,-154.776853
700,43,-29.620678
42,44,5848186.233605
43,44,-151519.879358
44,44,2385112.164289
51,44,-9746977.051658
52,44,252533.132411
53,44,-3975186.940125
54,44,3898790.822404
55,44,-101013.252905
56,44,1590074.776192
295,44,-4171815.303443
296,44,-1940724.169674
297,44,849036.923626
304,44,6953025.505605
305,44,3234540.282428
306,44,-1415061.538881
307,44,-2781210.202296
308,44,-1293816.113116
309,44,566024.615750
529,44,21.012819
530,44,-27.452849
531,44,-56.250373
532,44,-49.905418
533,44,65.200480
534,44,133.594563
536,44,-0.000000
541,44,-37.747631
542,44,-77.344189
687,44,-43.681739
688,44,-4.465065
689,44,-116.637032
690,44,103.744072
691,44,10.604523
692,44,17672.846131
694,44,-17395.833333
699,44,-6.139458
700,44,-160.375765
535,45,35.064287
536,45,31.567876
537,45,-35.064287
538,45,-31.567876
690,45,-17287.109375
693,45,17368.037774
694,45,2.700619
695,45,-80.928399
696,45,-2.700619
534,46,-0.000000
535,46,-18.009475
536,46,36.208364
537,46,18.009475
538,46,-36.208364
692,46,-17395.833333
693,46,25.825847
694,46,17477.727682
695,46,-25.825847
696,46,-81.894349
535,47,-35.064287
536,47,-31.567876
537,47,79.691605
538,47,71.745212
539,47,-44.627318
540,47,-40.177336
693,47,-80.928399
694,47,-2.700619
695,47,183.928279
696,47,6.137773
697,47,-102.999880
698,47,-3.437155
48,48,8778210.129778
60,48,-15361859.991486
61,48,6583649.872511
301,48,-5452112.449164
313,48,9541191.988180
314,48,-4089079.539016
535,48,18.009475
536,48,-36.208364
537,48,-40.930648
538,48,134.713868
539,48,22.921173
540,48,-46.083417
693,48,-25.825847
694,48,-81.894349
695,48,58.695137
696,48,239.267437
697,48,-32.869291
698,48,-104.229271
49,49,438858.256120
62,49,-438858.254977
302,49,-270869.587644
315,49,270869.587644
537,49,-44.627318
538,49,-40.177336
539,49,68.069792
540,49,40.177336
695,49,-102.999880
696,49,-3.437155
697,49,126.765102
698,49,3.437155
537,50,22.921173
538,50,-46.083417
539,50,-22.921173
540,50,46.083417
695,50,-32.869291
696,50,-104.229271
697,50,32.869291
698,50,104.229271
42,51,-30718224.895720
43,51,-1438195.118783
44,51,-9746977.051658
51,51,59388568.115051
52,51,2780510.561949
53,51,18844155.633313
54,51,-35691651.779175
55,51,-1671045.756561
56,51,-11325059.052105
57,51,7021308.550316
58,51,328730.312887
59,51,2227880.469945
295,51,11720653.800084
296,51,8864253.458800
297,51,-6632555.751429
304,51,-22659930.680737
305,51,-17137556.686560
306,51,12822941.117355
307,51,13618283.465622
308,51,10299418.305598
309,51,-7706398.110863
310,51,-2679006.584394
311,51,-2026115.077145
312,51,1516012.743669
532,51,-86.488413
533,51,26.291546
534,51,-66.461806
541,51,-43.819243
542,51,110.769677
543,51,17.527697
544,51,-44.307871
690,51,-166.190958
691,51,-41.752219
692,51,5.009442
699,51,69.587032
700,51,-8.349070
701,51,-27.834813
702,51,3.339628
42,52,-1438195.118246
43,52,-636782.281759
44,52,252533.132411
51,52,2780510.561949
52,52,1231112.411300
53,52,-488230.722463
54,52,-1671045.756668
55,52,-739880.365446
56,52,293419.448931
57,52,328730.312887
58,52,145550.235847
59,52,-57721.858803
295,52,-2049179.814205
296,52,76107.945119
297,52,-864384.729231
304,52,3961747.640967
305,52,-147142.027321
306,52,1671143.809761
307,52,-2380951.784196
308,52,88430.183956
309,52,-1004332.733030
310,52,468383.957522
311,52,-17396.101778
312,52,197573.652436
532,52,-49.304255
533,52,-69.487012
534,52,24.190742
541,52,115.811687
542,52,-40.317904
543,52,-46.324675
544,52,16.127162
690,52,-1.893037
691,52,-154.776853
692,52,-29.620678
699,52,257.961422
700,52,49.367797
701,52,-103.184569
702,52,-19.747119
42,53,-9746977.055377
43,53,252533.132167
44,53,-3975186.940125
51,53,18844155.633313
52,53,-488230.722463
53,53,7685361.417077
54,53,-11325059.051361
55,53,293419.448980
56,53,-4618788.635061
57,53,2227880.469945
58,53,-57721.858803
59,53,908614.157824
295,53,6953025.504928
296,53,3234540.282533
297,53,-1415061.539361
304,53,-13442515.976188
305,53,-6253444.545696
306,53,2735785.641943
307,53,8078753.444107
308,53,3758227.756661
309,53,-1644166.740550
310,53,-1589262.972740
311,53,-739323.493209
312,53,323442.637572
532,53,28.892599
533,53,-37.747631
534,53,-77.344189
541,53,62.912718
542,53,128.906982
543,53,-25.165087
544,53,-51.562793
690,53,-60.062333
691,53,-6.139458
692,53,-160.375765
699,53,10.232430
700,53,267.292942
701,53,-4.092972
702,53,-106.917177
42,54,12287289.963052
43,54,575278.047553
44,54,3898790.822404
51,54,-35691651.779175
52,54,-1671045.756668
53,54,-11325059.051361
54,54,36674422.047415
55,54,1593956.007775
56,54,11662069.814019
57,54,-13673412.893820
58,54,-301644.306244
59,54,-4407842.839051
244,54,403352.651372
245,54,-196543.993054
246,54,172041.253236
295,54,-4688261.522690
296,54,-3545701.385004
297,54,2653022.301421
304,54,13618283.464437
305,54,10299418.305029
306,54,-7706398.110755
307,54,-13852130.713509
308,54,-10437479.785589
309,54,8518970.757734
310,54,4829027.733640
311,54,3545473.886659
312,54,-4603344.698136
497,54,93081.038880
498,54,138288.979732
499,54,1137749.748151
541,54,17.527697
542,54,-44.307871
543,54,-32.551438
544,54,82.286045
545,54,-49.421950
546,54,15.023740
699,54,-27.834813
700,54,3.339628
701,54,51.693224
702,54,-6.202166
703,54,-94.966262
704,54,-23.858411
42,55,575278.047553
43,55,254712.912733
44,55,-101013.252905
51,55,-1671045.756561
52,55,-739880.365446
53,55,293419.448980
54,55,1593956.007775
55,55,964389.847384
56,55,574413.538829
57,55,-301644.305747
58,55,-844823.319076
59,55,-2296350.310803
244,55,-196543.993054
245,55,365600.924384
246,55,1529530.577227
295,55,819671.925663
296,55,-30443.178111
297,55,345753.891764
304,55,-2380951.784183
305,55,88430.183919
306,55,-1004332.733011
307,55,2018247.824713
308,55,24179.687163
309,55,330898.589306
310,55,265585.955076
311,55,-282495.736263
312,55,1543235.062946
497,55,-722553.921350
498,55,200329.043320
499,55,-1215554.810951
541,55,-46.324675
542,55,16.127162
543,55,86.031539
544,55,-29.950443
545,55,-28.173860
546,55,-39.706864
699,55,-103.184569
700,55,-19.747119
701,55,191.628485
702,55,36.673221
703,55,-1.081735
704,55,-88.443916
42,56,3898790.822404
43,56,-101013.252905
44,56,1590074.776192
51,56,-11325059.052105
52,56,293419.448931
53,56,-4618788.635061
54,56,11662069.814019
55,56,574413.538829
56,56,10270408.929664
57,56,-4407842.841058
58,56,-2296350.312072
59,56,-16961665.426269
244,56,172041.253236
245,56,1529530.577227
246,56,9719970.362013
295,56,-2781210.202296
296,56,-1293816.113116
297,56,566024.615750
304,56,8078753.443971
305,56,3758227.756683
306,56,-1644166.740646
307,56,-10540110.968911
308,56,-2889043.798973
309,56,-302833.952394
310,56,9251956.589059
311,56,-1235062.923924
312,56,4848872.783819
497,56,-4009388.862530
498,56,1659695.080037
499,56,-3467896.706529
541,56,-25.165087
542,56,-51.562793
543,56,46.735162
544,56,95.759472
545,56,16.510056
546,56,-21.570075
699,56,-4.092972
700,56,-106.917177
701,56,7.601234
702,56,198.560471
703,56,-34.321333
704,56,-3.508262
51,57,7021308.550316
52,57,328730.312887
53,57,2227880.469945
54,57,-13673412.893820
55,57,-301644.305747
56,57,-4407842.841058
57,57,7761324.143294
58,57,-567581.987561
59,57,2653075.817368
244,57,-1109219.791143
245,57,540495.981001
246,57,-473113.445352
304,57,-2679006.584394
305,57,-2026115.077145
306,57,1516012.743669
307,57,4829027.737737
308,57,3545473.888881
309,57,-4603344.698472
310,57,-1894048.296793
311,57,-1139064.118351
312,57,6216143.763691
497,57,-255972.857308
498,57,-380294.694055
499,57,-3128811.807461
543,57,15.023740
544,57,-37.978175
545,57,135.910363
546,57,-41.315286
655,57,-86.488413
656,57,26.291546
657,57,-66.461806
701,57,-23.858411
702,57,2.862538
703,57,261.157220
704,57,65.610630
813,57,-166.190958
814,57,-41.752219
815,57,5.009442
51,58,328730.312887
52,58,145550.235847
53,58,-57721.858803
54,58,-301644.306244
55,58,-844823.319076
56,58,-2296350.312072
57,58,-567581.987561
58,58,1704675.625126
59,58,6560281.254512
244,58,540495.980828
245,58,-1005402.541973
246,58,-4206209.087112
304,58,468383.957522
305,58,-17396.101778
306,58,197573.652436
307,58,265585.955136
308,58,-282495.736166
309,58,1543235.062564
310,58,-2720993.195807
311,58,850796.706917
312,58,-5083584.445097
497,58,1987023.283576
498,58,-550904.869105
499,58,3342775.729802
543,58,-39.706864
544,58,13.823281
545,58,77.478116
546,58,109.193876
655,58,-49.304255
656,58,-69.487012
657,58,24.190742
701,58,-88.443916
702,58,-16.926102
703,58,2.974772
704,58,243.220770
813,58,-1.893037
814,58,-154.776853
815,58,-29.620678
51,59,2227880.469945
52,59,-57721.858803
53,59,908614.157824
54,59,-4407842.839051
55,59,-2296350.310803
56,59,-16961665.426269
57,59,2653075.817368
58,59,6560281.254512
59,59,42782969.733308
244,59,-473113.446674
245,59,-4206209.085207
246,59,-26729918.483504
304,59,-1589262.972740
305,59,-739323.493209
306,59,323442.637572
307,59,9251956.587443
308,59,-1235062.923269
309,59,4848872.780419
310,59,-18688512.979309
311,59,6538547.883388
312,59,-14709031.356105
497,59,11025819.366793
498,59,-4564161.468180
499,59,9536715.937198
543,59,-21.570075
544,59,-44.196680
545,59,-45.402655
546,59,59.317706
655,59,28.892599
656,59,-37.747631
657,59,-77.344189
701,59,-3.508262
702,59,-91.643294
703,59,94.383667
704,59,9.647720
813,59,-60.062333
814,59,-6.139458
815,59,-160.375765
48,60,-15361859.991486
60,60,31820973.058538
61,60,-16459113.081326
301,60,9541191.977058
313,60,-19763883.619478
314,60,10222691.642420
538,60,-52.422086
696,60,-53.143817
48,61,6583649.872511
60,61,-16459113.081326
61,61,9875463.212287
301,61,-4089079.539016
313,61,10222691.645995
314,61,-6133612.106979
49,62,-438858.254977
62,62,438858.253834
302,62,270869.586474
315,62,-270869.586474
539,62,-23.442474
697,62,-23.765223
24,63,-12344329.025004
26,63,-18516493.537506
63,63,30860822.557687
277,63,7667015.137696
279,63,11500522.706544
316,63,-19167537.844240
520,63,-78.633037
522,63,-117.949556
678,63,-79.715632
680,63,-119.573448
29,64,-13823434.995189
30,64,-645275.406968
31,64,-2277045.664656
64,64,42718024.439320
65,64,1531808.593398
66,64,5692611.756604
67,64,-7330603.173415
68,64,-544715.100079
72,64,-21563986.310699
73,64,-341818.088939
74,64,-3415566.092424
282,64,4569853.902242
283,64,4349637.031001
284,64,-2447487.368295
317,64,-14696257.598296
318,64,-16057184.253443
319,64,6118715.835044
320,64,2313391.867262
321,64,2796287.845530
325,64,7813011.826303
326,64,8911259.380548
327,64,-3671228.467897
523,64,-37.059766
524,64,14.022168
525,64,-20.132084
547,64,-46.894647
548,64,50.330189
549,64,-18.999517
550,64,9.758400
551,64,-61.875351
552,64,23.114079
553,64,-30.198105
681,64,-82.547713
682,64,-22.267866
683,64,-3.274380
705,64,84.311418
706,64,8.185947
707,64,-43.850898
708,64,-13.993686
709,64,-128.300612
710,64,-48.049867
711,64,-4.911567
29,65,-478932.570878
30,65,-395363.147062
31,65,209702.101832
64,65,1531808.593398
65,65,1455417.603434
66,65,-524255.033033
67,65,-244058.335525
68,65,-254798.360817
72,65,-808817.687010
73,65,-805256.095896
74,65,314552.931302
282,65,-1335944.121551
283,65,-42364.351674
284,65,-235533.296931
317,65,4125640.172409
318,65,72858.009961
319,65,588832.993551
320,65,-708986.474266
321,65,-39994.899441
325,65,-2080709.576303
326,65,9501.240918
327,65,-353299.696673
523,65,-26.295621
524,65,-46.127186
525,65,15.409397
547,65,134.814728
548,65,-36.442633
549,65,-16.998087
550,65,-19.496812
551,65,-53.169445
552,65,-69.190730
553,65,21.033237
681,65,-1.009620
682,65,-88.635240
683,65,-32.033267
705,65,265.684963
706,65,65.435042
707,65,-1.454179
708,65,-44.096957
709,65,4.007554
710,65,-132.952766
711,65,-33.401775
29,66,-1850828.394781
30,66,107601.705857
31,66,-454970.487602
64,66,5692611.756604
65,66,-524255.033033
66,66,1137425.738431
67,66,-986658.819966
68,66,49771.103342
72,66,-2855124.547922
73,66,366882.223618
74,66,-682455.250954
282,66,1389021.171064
283,66,682786.659329
284,66,-249298.610714
317,66,-4378223.444019
318,66,-2477139.440605
319,66,623246.263379
320,66,720165.986644
321,66,445585.082410
325,66,2269036.285784
326,66,1348767.699542
327,66,-373947.652812
523,66,12.901738
524,66,-35.446321
525,66,-41.250263
547,66,74.889726
548,66,96.839873
551,66,19.352594
552,66,-39.443404
553,66,-55.589610
681,66,-15.797706
682,66,2.671704
683,66,-85.533802
705,66,-1.157275
706,66,209.355284
709,66,-23.696543
710,66,-1.514429
711,66,-123.821483
29,67,2372388.005459
30,67,105733.617655
31,67,394663.694726
64,67,-7330603.173415
65,67,-244058.335525
66,67,-986658.819966
67,67,2492649.595537
68,67,90316.209282
69,67,-1234432.901536
72,67,3699998.481994
73,67,48008.509028
74,67,591995.125324
282,67,-804347.906438
283,67,-749080.489870
284,67,418015.362336
317,67,2584422.270706
318,67,2764194.821027
319,67,-1045037.964219
320,67,-1174324.653339
321,67,-481739.040679
322,67,766701.513968
325,67,-1372451.224465
326,67,-1533375.291107
327,67,627022.602080
547,67,9.758400
549,67,58.316036
550,67,-9.758400
705,67,-13.993686
707,67,83.708714
708,67,13.993686
29,68,173453.416348
30,68,70757.490926
31,68,-19908.449752
64,68,-544715.100079
65,68,-254798.360817
66,68,49771.103342
67,68,90316.209282
68,68,7156801.256749
70,68,-12579825.274477
71,68,5469491.765611
72,68,280945.474721
73,68,137573.132731
74,68,-29862.653604
282,68,193678.745103
283,68,-22145.861424
284,68,56032.504646
317,68,-594188.471763
318,68,95786.858807
319,68,-140081.202427
320,68,103537.809717
321,68,-4428294.326178
323,68,7813280.957205
324,68,-3397080.236748
325,68,296971.916911
326,68,-61547.391646
327,68,84048.697798
547,68,-19.496812
549,68,16.998087
550,68,66.676634
705,68,-44.096957
707,68,1.454179
708,68,91.926336
67,69,-1234432.901536
69,69,1234432.900378
320,69,766701.512777
322,69,-766701.512777
549,69,-39.316519
707,69,-39.857816
68,70,-12579825.274477
70,70,26463926.564634
71,70,-13884101.304366
321,70,7813280.946242
323,70,-16436642.707209
324,70,8623361.760967
550,70,-47.179822
708,70,-47.829379
68,71,5469491.765611
70,71,-13884101.304366
71,71,8414609.542316
321,71,-3397080.236748
323,71,8623361.764634
324,71,-5226281.527886
29,72,6977621.043399
30,72,335186.009978
31,72,1142050.301666
64,72,-21563986.310699
65,72,-808817.687010
66,72,-2855124.547922
67,72,3699998.481994
68,72,280945.474721
72,72,54431834.027271
73,72,963431.018119
74,72,8565371.232469
76,72,-97977301.217590
77,72,-1734175.829876
78,72,-15417668.217761
80,72,54431834.027271
81,72,963431.018119
82,72,8565371.232469
282,72,-2268769.022877
283,72,-2190652.949001
284,72,1239239.865519
317,72,7300499.469728
318,72,8089167.996664
319,72,-3098098.354580
320,72,-1147686.134292
321,72,-1407999.523456
325,72,-19420221.556563
326,72,-22452577.630166
327,72,9294292.448207
329,72,34956398.803955
330,72,40414639.730488
331,72,-16729726.405103
333,72,-19420221.556564
334,72,-22452577.630166
335,72,9294292.448207
547,72,23.114079
548,72,-30.198105
551,72,123.750703
552,72,-46.228158
553,72,60.396210
554,72,23.114079
555,72,-30.198105
705,72,-48.049867
706,72,-4.911567
709,72,256.601224
710,72,96.099733
711,72,9.823133
712,72,-48.049867
713,72,-4.911567
29,73,101123.375803
30,73,215927.993790
31,73,-146752.951461
64,73,-341818.088939
65,73,-805256.095896
66,73,366882.223618
67,73,48008.509028
68,73,137573.132731
72,73,963431.018119
73,73,2258774.847680
74,73,-1100646.361101
76,73,-1734175.833338
77,73,-4065794.725489
78,73,1981163.449800
80,73,963431.018119
81,73,2258774.847680
82,73,-1100646.361101
282,73,812672.245545
283,73,77499.320486
284,73,103255.844225
317,73,-2516861.868215
318,73,-238797.691386
319,73,-258139.501510
320,73,429909.904547
321,73,57047.607533
325,73,6371398.589647
326,73,521253.817730
327,73,774418.286499
329,73,-11468517.461783
330,73,-938256.871542
331,73,-1393952.915654
333,73,6371398.589647
334,73,521253.817730
335,73,774418.286499
547,73,-69.190730
548,73,21.033237
551,73,106.338890
552,73,138.381461
553,73,-42.066473
554,73,-69.190730
555,73,21.033237
705,73,-132.952766
706,73,-33.401775
709,73,-8.015107
710,73,265.905533
711,73,66.803551
712,73,-132.952766
713,73,-33.401775
29,74,1110496.724246
30,74,-64561.005348
31,74,272982.215719
64,74,-3415566.092424
65,74,314552.931302
66,74,-682455.250954
67,74,591995.125324
68,74,-29862.653604
72,74,8565371.232469
73,74,-1100646.361101
74,74,6254669.952337
75,74,-4207304.771158
76,74,-15417668.212772
77,74,1981163.450253
78,74,-3685257.317573
80,74,8565371.232469
81,74,-1100646.361101
82,74,2047365.176549
282,74,-833412.468056
283,74,-409671.880273
284,74,149579.124316
317,74,2626933.327001
318,74,1486283.245966
319,74,-373947.652746
320,74,-432099.470363
321,74,-267350.974186
325,74,-6807106.941328
326,74,-4046301.959563
327,74,-1491298.123735
328,74,2613140.766326
329,74,12252792.494982
330,74,7283343.526367
331,74,-2019316.756409
333,74,-6807106.941328
334,74,-4046301.959563
335,74,1121842.642591
547,74,-39.443404
548,74,-55.589610
551,74,-38.705188
552,74,78.886809
553,74,147.471420
554,74,-39.443404
555,74,-55.589610
705,74,-1.514429
706,74,-123.821483
709,74,47.393085
710,74,3.028859
711,74,284.434825
712,74,-1.514429
713,74,-123.821483
74,75,-4207304.771158
75,75,4207304.766528
327,75,2613140.761560
328,75,-2613140.761560
553,75,-36.292201
711,75,-36.791860
72,76,-97977301.217590
73,76,-1734175.833338
74,76,-15417668.212772
76,76,220448927.668704
77,76,3901895.618849
78,76,34689753.477200
80,76,-122471626.521987
81,76,-2167719.791672
82,76,-19272085.265965
325,76,34956398.786740
326,76,40414639.720781
327,76,-16729726.401742
329,76,-78651897.274981
330,76,-90932939.363183
331,76,37641884.400163
333,76,43695498.483425
334,76,50518299.650976
335,76,-20912158.002178
551,76,-61.875351
552,76,23.114079
553,76,-30.198105
554,76,-52.006678
555,76,67.945736
556,76,-77.344189
557,76,28.892599
558,76,-37.747631
709,76,-128.300612
710,76,-48.049867
711,76,-4.911567
712,76,108.112200
713,76,11.051025
714,76,-160.375765
715,76,-60.062333
716,76,-6.139458
72,77,-1734175.829876
73,77,-4065794.725489
74,77,1981163.450253
76,77,3901895.618849
77,77,9592433.976565
78,77,-4457617.762659
79,77,-444395.843812
80,77,-2167719.787346
81,77,-5082243.406861
82,77,2476454.312816
325,77,-11468517.461482
326,77,-938256.872926
327,77,-1393952.915153
329,77,25804164.289273
330,77,1835065.418217
331,77,3136394.058994
332,77,276012.545029
333,77,-14335646.826852
334,77,-1172821.091158
335,77,-1742441.143942
551,77,-53.169445
552,77,-69.190730
553,77,21.033237
554,77,179.269055
555,77,-47.324782
556,77,-66.461806
557,77,-86.488413
558,77,26.291546
709,77,4.007554
710,77,-132.952766
711,77,-33.401775
712,77,323.058414
713,77,75.153995
714,77,5.009442
715,77,-166.190958
716,77,-41.752219
72,78,-15417668.217761
73,78,1981163.449800
74,78,-3685257.317573
76,78,34689753.477200
77,78,-4457617.762659
78,78,8291828.964054
80,78,-19272085.272201
81,78,2476454.312251
82,78,-4606571.646966
325,78,12252792.493566
326,78,7283343.526852
327,78,-2019316.756599
329,78,-27568783.111854
330,78,-16387522.933514
331,78,4543462.701776
333,78,15315990.616958
334,78,9104179.408565
335,78,-2524145.945749
551,78,19.352594
552,78,-39.443404
553,78,-55.589610
554,78,88.747660
555,78,125.076622
556,78,24.190742
557,78,-49.304255
558,78,-69.487012
709,78,-23.696543
710,78,-1.514429
711,78,-123.821483
712,78,3.407466
713,78,278.598336
714,78,-29.620678
715,78,-1.893037
716,78,-154.776853
77,79,-444395.843812
79,79,444395.842655
330,79,276012.543837
332,79,-276012.543837
554,79,-23.589911
712,79,-23.914690
72,80,54431834.027271
73,80,963431.018119
74,80,8565371.232469
76,80,-122471626.521987
77,80,-2167719.787346
78,80,-19272085.272201
80,80,87743751.406477
81,80,3834981.966279
82,80,12107350.602091
83,80,-18516493.528825
84,80,7406597.416160
85,80,-29909976.218839
86,80,-9981918.563806
87,80,-4806755.234920
88,80,13322445.923714
89,80,4594515.858471
90,80,2128824.171152
91,80,7993467.554228
92,80,2756709.515082
93,80,1277294.502691
325,80,-19420221.556563
326,80,-22452577.630166
327,80,9294292.448207
329,80,43695498.504944
330,80,50518299.663110
331,80,-20912158.006378
333,80,-32602180.309691
334,80,-32751223.033076
335,80,12850587.391691
336,80,11500522.709523
337,80,-4600209.083809
338,80,4409387.405860
339,80,14762801.445649
340,80,-3900659.166940
341,80,-1864248.541951
342,80,-6298312.781694
343,80,1667460.834671
344,80,-1118549.125171
345,80,-3778987.669017
346,80,1000476.500802
554,80,28.892599
555,80,-37.747631
556,80,198.194318
557,80,-52.006678
558,80,67.945736
712,80,-60.062333
713,80,-6.139458
714,80,348.463101
715,80,108.112200
716,80,11.051025
72,81,963431.018119
73,81,2258774.847680
74,81,-1100646.361101
76,81,-2167719.791672
77,81,-5082243.406861
78,81,2476454.312251
80,81,3834981.966279
81,81,11990972.916297
82,81,429439.366059
85,81,-7484155.298018
86,81,-33739113.475681
87,81,-6440618.788753
88,81,3033413.815311
89,81,15357255.704560
90,81,2897107.171114
91,81,1820048.289187
92,81,9214353.422736
93,81,1738264.302668
325,81,6371398.589647
326,81,521253.817730
327,81,774418.286499
329,81,-14335646.827228
330,81,-1172821.089427
331,81,-1742441.144568
333,81,11068921.986189
334,81,-1042318.260418
335,81,-2293041.445488
338,81,-10336770.767084
339,81,6203008.867915
340,81,14493264.710156
341,81,4520060.636610
342,81,-2818202.084508
343,81,-7020125.254554
344,81,2712036.381966
345,81,-1690921.250705
346,81,-4212075.152732
554,81,-86.488413
555,81,26.291546
556,81,119.631251
557,81,155.679143
558,81,-47.324782
712,81,-166.190958
713,81,-41.752219
714,81,-9.016996
715,81,299.143724
716,81,75.153995
72,82,8565371.232469
73,82,-1100646.361101
74,82,2047365.176549
76,82,-19272085.265965
77,82,2476454.312816
78,82,-4606571.646966
80,82,12107350.602091
81,82,429439.366059
82,82,9942031.990507
85,82,-5109657.638504
86,82,-8775092.048315
87,82,-28137828.691428
88,82,2318138.174006
89,82,4356152.957041
90,82,12971876.986546
91,82,1390882.904403
92,82,2613691.774224
93,82,7783126.191928
325,82,-6807106.941328
326,82,-4046301.959563
327,82,1121842.642591
329,82,15315990.618728
330,82,9104179.407959
