0,0,2759054250282.924316
1,0,4039759585484.141113
2,0,-2063833069197.886963
3,0,-6873712986599.140625
4,0,-10064372145879.685547
5,0,5141688166284.988281
6,0,4114658817984.673828
7,0,6024612561011.027344
8,0,-3077855097416.502930
92,0,-482459761237.919922
93,0,12541358451210.021484
94,0,-7961916340813.507812
95,0,288804219095.200073
96,0,-7507356103083.314453
97,0,4766065930199.443359
181,0,-205.827472
217,0,-163.051021
0,1,4039759585484.141113
1,1,16317266776611.960938
2,1,3142409350529.457031
3,1,-10064372146419.539062
4,1,-40651687544906.421875
5,1,-7828777051890.458984
6,1,6024612561011.028320
7,1,24334420851469.589844
8,1,4686367701945.665039
92,1,2217088924459.880859
93,1,26155074544546.933594
94,1,21103946954135.265625
95,1,-1327166919869.607910
96,1,-15656633950179.859375
97,1,-12632989128026.304688
181,1,-50.738923
217,1,48.177581
0,2,-2063833069197.886963
1,2,3142409350529.457031
2,2,19161226700877.964844
3,2,5141688166715.752930
4,2,-7828777052712.992188
5,2,-47736928743327.109375
6,2,-3077855097416.499023
7,2,4686367701945.665039
8,2,28575702125808.492188
92,2,10885767299362.285156
93,2,-11071218088377.814453
94,2,26361665898952.593750
95,2,-6516306179283.808594
96,2,6627318484528.910156
97,2,-15780301164557.775391
181,2,-6.909183
217,2,-58.143962
0,3,-6873712986599.140625
1,3,-10064372146419.539062
2,3,5141688166715.752930
3,3,23260995793349.976562
4,3,34058349338626.546875
5,3,-17399735345930.484375
6,3,-16716659776660.941406
7,3,-24476245272372.363281
8,3,12504428378502.082031
9,3,329376970226.511108
10,3,482268085864.364075
11,3,-246381202337.405090
92,3,1632668471950.273438
93,3,-42440597497079.015625
94,3,26943531519731.414062
95,3,-1173327384120.539795
96,3,30500200222720.746094
97,3,-19363137056529.078125
98,3,23118674690.214554
99,3,-600961177348.896606
100,3,381521877130.454956
181,3,512.784048
182,3,-306.956576
217,3,406.213815
218,3,-243.162794
0,4,-10064372145879.685547
1,4,-40651687544906.421875
2,4,-7828777052712.992188
3,4,34058349338626.546875
4,4,137567386768033.000000
5,4,26492981367452.558594
6,4,-24476245277910.953125
7,4,-98863660915244.343750
8,4,-19039346371721.851562
9,4,482268085864.363892
10,4,1947961706385.093262
11,4,375142062395.898499
92,4,-7502742148500.644531
93,4,-88510108017256.250000
94,4,-71416834289248.484375
95,4,5391892464473.160156
96,4,63608341434599.906250
97,4,51324153607252.468750
98,4,-106239238388.568848
99,4,-1253307961261.681885
100,4,-1011266272116.284790
181,4,126.407375
182,4,-75.668452
217,4,-120.026228
218,4,71.848647
0,5,5141688166284.988281
1,5,-7828777051890.458984
2,5,-47736928743327.109375
3,5,-17399735345930.484375
4,5,26492981367452.558594
5,5,161544204832884.781250
6,5,12504428382921.500000
7,5,-19039346380160.578125
8,5,-116094750832647.125000
9,5,-246381202337.405304
10,5,375142062395.898804
11,5,2287474759062.547852
92,5,-36837992485933.375000
93,5,37465567428420.226562
94,5,-89209223711069.312500
95,5,26473853170207.464844
96,5,-26924863818780.003906
97,5,64110765292040.703125
98,5,-521627984565.690796
99,5,530514479990.213623
100,5,-1263207477646.884521
181,5,17.213050
182,5,-10.303868
217,5,144.855768
218,5,-86.711805
0,6,4114658817984.673828
1,6,6024612561011.028320
2,6,-3077855097416.499023
3,6,-16716659776660.941406
4,6,-24476245277910.953125
5,6,12504428382921.500000
6,6,12991365549178.220703
7,6,19069323259168.402344
8,6,-9700909446075.283203
9,6,-425726693515.820312
10,6,-960758253467.800293
11,6,286996135908.477295
12,6,248925248923.186859
13,6,36362102817.973579
14,6,94142458637.992004
15,6,-12659971662.865778
92,6,-1173327385988.908691
93,6,30500200221663.789062
94,6,-19363137056724.156250
95,6,900987759679.355713
96,6,-23748101940251.699219
97,6,14969649893479.787109
98,6,-9679091666.665352
99,6,1288493830175.105957
100,6,-347291584939.018799
101,6,-428347527071.876831
102,6,-6785502042.449886
103,6,-104888480956.198380
104,6,-25287181568.399979
181,6,-306.956576
182,6,323.432992
183,6,-16.476416
184,6,-3.754293
217,6,-243.162794
218,6,256.214970
219,6,-13.052176
220,6,2.806181
0,7,6024612561011.027344
1,7,24334420851469.589844
2,7,4686367701945.665039
3,7,-24476245272372.363281
4,7,-98863660915244.343750
5,7,-19039346380160.578125
6,7,19069323259168.402344
7,7,76921878755616.328125
8,7,14728019181344.150391
9,7,-711833007036.624756
10,7,-3541903647739.443848
11,7,-357646673926.440613
12,7,856945851537.829346
13,7,94142458637.992035
14,7,292319094969.671875
15,7,-17393835272.939064
92,7,5391892460754.579102
93,7,63608341415478.031250
94,7,51324153602436.648438
95,7,-4170337040026.770508
96,7,-49508392910505.507812
97,7,-39838866958268.117188
98,7,100170805435.186768
99,7,2671452746359.584961
100,7,1218311776918.405029
101,7,-911843737180.502441
102,7,5440692757.152336
103,7,-202923563253.261871
104,7,-70609292829.672653
181,7,-75.668452
182,7,79.730085
183,7,-4.061633
184,7,-0.084193
217,7,71.848647
218,7,-75.705245
219,7,3.856598
220,7,-4.125351
0,8,-3077855097416.502930
1,8,4686367701945.665039
2,8,28575702125808.492188
3,8,12504428378502.082031
4,8,-19039346371721.851562
5,8,-116094750832647.125000
6,8,-9700909446075.283203
7,8,14728019181344.150391
8,8,89940103479218.031250
9,8,286996135416.305359
10,8,-338258008645.984558
11,8,-2430333541483.200684
12,8,-19388666297.926895
13,8,-12659971662.865797
14,8,-17393835272.939110
15,8,9278750308.639137
92,8,26473853166541.562500
93,8,-26924863820406.523438
94,8,64110765270654.445312
95,8,-20495948663245.328125
96,8,20924312395585.441406
97,8,-49653126448996.562500
98,8,528753669929.679199
99,8,-896583272197.358887
100,8,1315485846888.743652
101,8,211564727650.617737
102,8,9648007464.304258
103,8,58251483588.464493
104,8,7176495855.188623
181,8,-10.303868
182,8,10.856945
183,8,-0.553078
184,8,-15.628426
217,8,-86.711805
218,8,91.366209
219,8,-4.654403
220,8,-13.568624
3,9,329376970226.511108
4,9,482268085864.363892
5,9,-246381202337.405304
6,9,-425726693515.820312
7,9,-711833007036.624756
8,9,286996135416.305359
9,9,163963840951.618408
10,9,867487882088.340820
11,9,-64155728644.778137
12,9,-462868202670.347656
13,9,-67614117968.459595
14,9,-175054763555.963287
15,9,23540795194.281498
92,9,23118674690.214569
93,9,-600961177348.896973
94,9,381521877130.454834
95,9,-9679092061.049980
96,9,860146302573.115967
97,9,-347291584885.767212
98,9,-26056997987.535706
99,9,-1250719703956.247559
100,9,-81250963153.676102
101,9,796497945772.800903
102,9,12617414744.992191
103,9,195036633346.151367
104,9,47020671135.443489
182,9,-16.476416
183,9,30.637346
184,9,6.980982
185,9,-14.160930
186,9,-1.125124
187,9,-3.226690
218,9,-13.052176
219,9,24.270086
220,9,-5.218000
221,9,-11.217910
222,9,-4.680463
223,9,2.411819
3,10,482268085864.364075
4,10,1947961706385.093262
5,10,375142062395.898804
6,10,-960758253467.800293
7,10,-3541903647739.443848
8,10,-338258008645.984558
9,10,867487882088.340820
10,10,8993976905813.492188
11,10,-85891222934.712830
12,10,-6119960990933.556641
13,10,-388997715062.689209
14,10,-1280074001310.083008
15,10,49007168224.511673
92,10,-106239238388.569305
93,10,-1253307961261.682861
94,10,-1011266272116.284912
95,10,45994956595.242371
96,10,2177470862388.896973
97,10,1413901247456.144531
98,10,116923399911.214325
99,10,-6914500011853.197266
100,10,-702033230401.533691
101,10,5253869179665.001953
102,10,-56679122354.734467
103,10,736467934214.897705
104,10,299398256144.604248
182,10,-4.061633
183,10,7.552471
184,10,0.156555
185,10,-3.490838
186,10,-13.733067
187,10,-0.072361
218,10,3.856598
219,10,-7.171216
220,10,7.670953
221,10,3.314618
222,10,-11.467591
223,10,-3.545602
3,11,-246381202337.405090
4,11,375142062395.898499
5,11,2287474759062.547852
6,11,286996135908.477295
7,11,-357646673926.440613
8,11,-2430333541483.200684
9,11,-64155728644.778137
10,11,-85891222934.712830
11,11,160112310440.138733
12,11,36052579469.094040
13,11,23540795383.767570
14,11,32343257150.699245
15,11,-17253526914.879795
92,11,-521627984565.691101
93,11,530514479990.213806
94,11,-1263207477646.883301
95,11,528753670278.012573
96,11,-685018544640.021729
97,11,1315485848064.512451
98,11,10814462664.409136
99,11,656218316369.136108
100,11,-38933915650.481026
101,11,-393397559560.815430
102,11,-17940148265.753189
103,11,-108316692151.527328
104,11,-13344454885.111042
182,11,-0.553078
183,11,1.028429
184,11,29.060538
185,11,-0.475352
186,11,-3.034401
187,11,-13.432111
218,11,-4.654403
219,11,8.654708
220,11,25.230404
221,11,-4.000305
222,11,1.835468
223,11,-11.661780
6,12,248925248923.186859
7,12,856945851537.829346
8,12,-19388666297.926895
9,12,-462868202670.347656
10,12,-6119960990933.556641
11,12,36052579469.094040
12,12,4526498759876.078125
13,12,213942953941.181824
14,12,736516394535.046509
15,12,-16663912394.191475
95,12,54175847210.789238
96,12,-417861860909.412781
97,12,-195589472021.118805
98,12,-100738179587.094925
99,12,4335326375937.389160
100,12,363692103007.757996
101,12,-3558326176178.381836
102,12,46562334816.099632
103,12,-359138340722.943481
104,12,-168102631553.084290
6,13,36362102817.973579
7,13,94142458637.992035
8,13,-12659971662.865797
9,13,-67614117968.459595
10,13,-388997715062.689209
11,13,23540795383.767570
12,13,213942953941.181824
13,13,31252015301.954384
14,13,80912305117.399582
15,13,-10880823645.177711
95,13,-6785502042.449875
96,13,-104888480956.198395
97,13,-25287181568.399982
98,13,12617415182.676151
99,13,563187055124.990845
100,13,47020671099.982994
101,13,-368150421267.375916
102,13,-5831912822.084264
103,13,-90148153099.154007
104,13,-21733489651.987514
183,13,-14.160930
184,13,-3.226690
185,13,32.022850
186,13,2.544302
187,13,7.296681
188,13,-17.861920
189,13,-1.419178
190,13,-4.069992
219,13,-11.217910
220,13,2.411819
221,13,25.367645
222,13,10.584175
223,13,-5.453972
224,13,-14.149735
225,13,-5.903712
226,13,3.042153
6,14,94142458637.992004
7,14,292319094969.671875
8,14,-17393835272.939110
9,14,-175054763555.963287
10,14,-1280074001310.083008
11,14,32343257150.699245
12,14,736516394535.046509
13,14,80912305117.399582
14,14,251238518156.600708
15,14,-14949421622.582033
95,14,5440692757.152355
96,14,-202923563253.261841
97,14,-70609292829.672638
98,14,-10116785941.942680
99,14,1161028898435.292969
100,14,131295626120.900314
101,14,-783699297315.402832
102,14,4676094068.347187
103,14,-174406038497.403534
104,14,-60686333544.009338
183,14,-3.490838
184,14,-0.072361
185,14,7.894014
186,14,31.055300
187,14,0.163635
188,14,-4.403176
189,14,-17.322234
190,14,-0.091273
219,14,3.314618
220,14,-3.545602
221,14,-7.495518
222,14,25.932262
223,14,8.017855
224,14,4.180900
225,14,-14.464671
226,14,-4.472253
6,15,-12659971662.865778
7,15,-17393835272.939064
8,15,9278750308.639137
9,15,23540795194.281498
10,15,49007168224.511673
11,15,-17253526914.879795
12,15,-16663912394.191475
13,15,-10880823645.177711
14,15,-14949421622.582033
15,15,7974776598.598381
95,15,9648007464.304249
96,15,58251483588.464439
97,15,7176495855.188605
98,15,-17940148371.430229
99,15,-290149523243.528564
100,15,-13344454765.608360
101,15,181832831258.117493
102,15,8292140815.320702
103,15,50065208428.165588
104,15,6167958971.006106
183,15,-0.475352
184,15,-13.432111
185,15,1.074938
186,15,6.861849
187,15,30.374734
188,15,-0.599586
189,15,-3.827448
190,15,-16.942623
219,15,-4.000305
220,15,-11.661780
221,15,9.046098
222,15,-4.150639
223,15,26.371391
224,15,-5.045793
225,15,2.315171
226,15,-14.709612
185,16,-17.861920
186,16,-1.419178
187,16,-4.069992
188,16,17.861920
189,16,1.419178
190,16,4.069992
221,16,-14.149735
222,16,-5.903712
223,16,3.042153
224,16,216.384110
225,16,5.903712
226,16,-3.042153
247,16,-202.234375
185,17,-4.403176
186,17,-17.322234
187,17,-0.091273
188,17,4.403176
189,17,17.322234
190,17,0.091273
212,17,-0.000000
221,17,4.180900
222,17,-14.464671
223,17,-4.472253
224,17,-4.180900
225,17,200.573069
226,17,4.472253
248,17,-186.108398
185,18,-0.599586
186,18,-3.827448
187,18,-16.942623
188,18,0.599586
189,18,3.827448
190,18,16.942623
213,18,0.000000
221,18,-5.045793
222,18,2.315171
223,18,-14.709612
224,18,5.045793
225,18,-2.315171
226,18,200.818010
249,18,-186.108398
19,19,3131552956764721.500000
20,19,8395476403456809.000000
21,19,-1878729674585762.500000
22,19,-6909554376573.136719
23,19,236970276700.814514
25,19,-117393079005724.406250
26,19,-226522325586026.687500
27,19,103685024573256.500000
28,19,144225023249.911469
29,19,23438580599016.082031
30,19,-19463034093023.148438
31,19,-44750022843967.703125
60,19,-3030925874277057.500000
61,19,-8149635269261442.000000
62,19,1819794672830956.750000
108,19,-1606134987137523.250000
109,19,-12490887186084948.000000
110,19,-2091940408612938.000000
111,19,5839045419396.857422
112,19,-200256070340.325409
114,19,33616628121249.445312
115,19,355996505643254.687500
116,19,-72304787266391.640625
117,19,-217374109589.109497
118,19,12544620904128.910156
119,19,11388958094983.687500
120,19,124044708513519.671875
149,19,1554334948701137.250000
150,19,12123719096496250.000000
151,19,2040200487387810.000000
191,19,1775.177597
192,19,214.959029
193,19,-46.394251
198,19,-1528.017121
199,19,-200.563337
200,19,-208.624685
227,19,1006.847284
228,19,-293.205897
229,19,-26.530183
234,19,-873.784425
235,19,-352.561442
236,19,284.565799
19,20,8395476403456809.000000
20,20,25904216600581108.000000
21,20,-3832994757256824.000000
25,20,-226378100549512.968750
26,20,-792126198873618.875000
27,20,30374182655863.421875
28,20,494218426907.600586
29,20,-19463034093023.144531
30,20,26202578149674.152344
31,20,76469363848383.046875
60,20,-8149635268853962.000000
61,20,-25138787199398236.000000
62,20,3726151210718552.500000
108,20,-2477285546203932.000000
109,20,-27232063963154356.000000
110,20,-6124418485578374.000000
114,20,94748927713512.859375
115,20,812238615560882.750000
116,20,301949857482836.125000
117,20,-452851502264.791443
118,20,-20140862701182.656250
119,20,-8630845886875.678711
120,20,-112494962162988.031250
149,20,2402677481020920.000000
150,20,26428909045103592.000000
151,20,5934963590308228.000000
191,20,220.234188
192,20,108.175630
193,20,-6.489791
198,20,-213.744397
199,20,-1448.581322
200,20,-104.987945
227,20,-375.897872
228,20,310.549858
229,20,11.076838
234,20,364.821034
235,20,-865.212145
236,20,-301.398674
19,21,-1878729674585762.500000
20,21,-3832994757256824.000000
21,21,1587731994286808.250000
25,21,103685024587924.593750
26,21,30422277757731.890625
27,21,-400695140658564.125000
28,21,-48095102465.868988
29,21,-44750022843967.703125
30,21,76469363848383.046875
31,21,327739081149844.687500
60,21,1819794672870473.000000
61,21,3726151211073963.500000
62,21,-1514775934737154.500000
108,21,1617099903694101.750000
109,21,9800301084769610.000000
110,21,1073291519072109.125000
114,21,40330621772538.062500
115,21,-294459462795228.812500
116,21,249441836529717.062500
117,21,178131196843.721436
118,21,-81477034437076.812500
119,21,5083298605127.511719
120,21,-260285958733263.375000
149,21,-1575953490994124.000000
150,21,-9511103051794228.000000
151,21,-1062447396886126.250000
191,21,152.657027
192,21,1480.643696
193,21,-4.498449
198,21,-148.158579
199,21,-208.524936
200,21,-1437.012561
227,21,346.880143
228,21,911.801707
229,21,-10.221753
234,21,-336.658390
235,21,241.621565
236,21,-884.933026
19,22,-6909554376573.136719
22,22,7155270818202.335938
23,22,-246874312347.284271
24,22,1157863243.942306
108,22,5839045404018.233398
111,22,-6046679483350.946289
112,22,208566632389.401794
113,22,-932553056.689553
191,22,-200.766225
227,22,-106.532676
19,23,236970276700.814514
22,23,-246874312347.284271
23,23,21431337074.948437
24,23,-11527301211.915918
108,23,-200256070340.325439
111,23,208566632909.673706
112,23,-17532754627.092529
113,23,9222192057.744244
22,24,1157863243.942306
23,24,-11527301211.915918
24,24,10369437995.993008
111,24,-932553056.689553
112,24,9222192117.346725
113,24,-8289639060.657170
19,25,-117393079005724.406250
20,25,-226378100549512.968750
21,25,103685024587924.593750
25,25,2241869231998923.500000
26,25,-866423767866294.000000
27,25,-723471740650507.250000
28,25,-1897245841552.051514
29,25,-2292097147709765.000000
30,25,879144841236150.125000
31,25,676894143410285.750000
32,25,78306639510816.593750
33,25,-24596576122136.093750
34,25,-3482299258384.386719
60,25,89314355611564.015625
61,25,240150849190415.812500
62,25,-53625128192530.945312
108,25,33616628122201.636719
109,25,355779131537702.375000
110,25,-72304787268118.515625
114,25,-1344367083444885.250000
115,25,-126704204958185.296875
116,25,3222693023819139.000000
117,25,2859504655799.251465
118,25,1419083564274108.250000
119,25,136630676172776.593750
120,25,-3150206191172437.000000
121,25,-62530463109250.382812
122,25,-11307225327904.925781
123,25,59937930992022.171875
149,25,-45802645827581.343750
150,25,-357257882125631.250000
151,25,-60119976339755.640625
191,25,-46.394251
192,25,-6.334344
193,25,610.305332
194,25,-74.017422
227,25,-26.530183
228,25,8.640098
229,25,348.998245
230,25,-130.111961
19,26,-226522325586026.687500
20,26,-792126198873618.875000
21,26,30422277757731.890625
25,26,-866423767866294.000000
26,26,890625256920373.250000
27,26,1858306004050731.750000
28,26,-9058001624794.789062
29,26,877391820223408.500000
30,26,-849929398547278.750000
31,26,-1810718024278821.500000
32,26,-24596576122136.109375
33,26,19706590041910.332031
34,26,31790776366928.367188
60,26,240150849190415.718750
61,26,740781752105404.375000
62,26,-109801033785095.734375
108,26,94764276695264.625000
109,26,812159123145672.125000
110,26,302061759355630.125000
114,26,377300282137209.500000
115,26,-144370335444733.875000
116,26,-2869278514127536.000000
117,26,8063227276668.999023
118,26,-428649447152478.750000
119,26,102324929764848.453125
120,26,2793924247764680.500000
121,26,27386220929557.980469
122,26,621705910502.113281
123,26,-51817881493140.312500
149,26,-70801332624313.781250
150,26,-778798650627983.000000
151,26,-174889611509848.843750
191,26,-6.489791
192,26,-3.187685
193,26,85.371651
194,26,-534.595488
227,26,11.076838
228,26,-9.151184
229,26,-145.713172
230,26,-319.304482
19,27,103685024573256.500000
20,27,30374182655863.421875
21,27,-400695140658564.125000
25,27,-723471740650507.250000
26,27,1858306004050731.750000
27,27,8809094041193968.000000
28,27,632679621754.779297
29,27,676894143710792.000000
30,27,-1811302608904120.500000
31,27,-8623242940003638.000000
32,27,-3482299258384.382812
33,27,31790776366928.359375
34,27,170207106387548.281250
60,27,-53625128192530.929688
61,27,-109801033785095.765625
62,27,44636933437882.742188
108,27,40330621764776.054688
109,27,-294281331602949.875000
110,27,249441836471242.812500
114,27,-2905088294318176.000000
115,27,13464624675156.312500
116,27,-6929563989494140.000000
117,27,-2343273482317.290527
118,27,2890092238263819.500000
119,27,5756658782192.562500
120,27,6781340914902698.000000
121,27,-71774259856516.156250
122,27,-2866825327868.982422
123,27,-132526622420542.531250
149,27,46439694126133.156250
150,27,280270146962170.312500
151,27,31307860554322.027344
191,27,-4.498449
192,27,-43.631136
193,27,59.176019
194,27,-76.955631
227,27,-10.221753
228,27,-26.868681
229,27,134.464730
230,27,89.169863
19,28,144225023249.911469
20,28,494218426907.600586
21,28,-48095102465.868988
25,28,-1897245841552.051514
26,28,-9058001624794.789062
27,28,632679621754.779297
28,28,2556675890468.423340
29,28,1753020818311.423584
30,28,6007107308007.859375
31,28,-584584519257.765015
108,28,-15348967071.080231
109,28,-373359031013.876648
110,28,-111901868223.924622
114,28,201912007408.122437
115,28,7017522745318.560547
116,28,1472042433159.490234
117,28,-2106073587418.149414
118,28,-186563040233.010376
119,28,-4538090126966.287109
120,28,-1360140564959.845459
19,29,23438580599016.082031
20,29,-19463034093023.144531
21,29,-44750022843967.703125
25,29,-2292097147709765.000000
26,29,877391820223408.500000
27,29,676894143710792.000000
28,29,1753020818311.423584
29,29,2350375483893854.000000
30,29,-885245046927598.125000
31,29,-635753085918163.875000
32,29,-89271723361056.671875
33,29,23827633626499.796875
34,29,2962657087422.715820
66,29,7554806157676.026367
67,29,1735606318565.038086
68,29,646308088420.309937
108,29,12544620904128.910156
109,29,11388958094983.683594
110,29,124044708513519.703125
114,29,1419083563458660.750000
115,29,139272806656751.703125
116,29,-3150206191299015.000000
117,29,-2642130546315.247070
118,29,-1496879685010376.000000
119,29,-159935975221629.968750
120,29,3088566639091559.000000
121,29,71198459568040.156250
122,29,17593757297949.625000
123,29,-62563279295568.875000
155,29,-5946958935324.487305
156,29,-5677416234969.630859
157,29,158122957605.798828
193,29,-563.911080
194,29,77.059234
229,29,-322.468061
230,29,135.459028
19,30,-19463034093023.148438
20,30,26202578149674.152344
21,30,76469363848383.046875
25,30,879144841236150.125000
26,30,-849929398547278.750000
27,30,-1811302608904120.500000
28,30,6007107308007.859375
29,30,-885245046927598.125000
30,30,838522132751604.125000
31,30,1767903754067421.250000
32,30,23827633633084.917969
33,30,-32043230418872.867188
34,30,-32019520364630.050781
66,30,1735606318565.038574
67,30,11240810767861.603516
68,30,-1050988779431.731201
108,30,-20140862701182.664062
109,30,-8630845886875.674805
110,30,-112494962162988.078125
114,30,-428836010213334.250000
115,30,103291141791281.046875
116,30,2792564107183278.500000
117,30,-5504302188242.285156
118,30,477556953061813.625000
119,30,-88712996208167.656250
120,30,-2734090643544634.500000
121,30,-31268650019738.613281
122,30,7585910348673.633789
123,30,56934790619324.343750
155,30,2688569894539.121582
156,30,-8028907887354.612305
157,30,-2913292086391.517090
193,30,-78.881861
194,30,556.565165
229,30,134.636334
230,30,332.426584
19,31,-44750022843967.703125
20,31,76469363848383.046875
21,31,327739081149844.687500
25,31,676894143410285.750000
26,31,-1810718024278821.500000
27,31,-8623242940003638.000000
28,31,-584584519257.765015
29,31,-635753085918163.875000
30,31,1767903754067421.250000
31,31,8472792250552935.000000
32,31,2962657068743.408691
33,31,-32019520355085.632812
34,31,-180687453217428.812500
66,31,646308088420.310547
67,31,-1050988779431.730591
68,31,3399061093670.414551
108,31,-81477034437076.828125
109,31,5083298605127.527344
110,31,-260285958733263.437500
114,31,2890092238143548.500000
115,31,3591516438969.812500
116,31,6781340914217580.000000
117,31,2165142285445.709717
118,31,-2883405057737442.500000
119,31,-13748557099036.798828
120,31,-6659084351633369.000000
121,31,77382868156286.328125
122,31,-80369083483.763916
123,31,140249267418747.640625
155,31,-2593014102140.596191
156,31,2988968843429.791504
157,31,-2219871283323.071777
193,31,-54.677571
194,31,80.118191
229,31,-124.242977
230,31,-92.834378
25,32,78306639510816.593750
26,32,-24596576122136.109375
27,32,-3482299258384.382812
29,32,-89271723361056.671875
30,32,23827633633084.917969
31,32,2962657068743.408691
32,32,1389879208237115.000000
33,32,3090848885420203.500000
34,32,-571025234590791.625000
63,32,15169334989010.773438
64,32,42640870537409.929688
65,32,-8437413886743.689453
66,32,-1394083459348537.250000
67,32,-3177639764532209.000000
68,32,579982290692530.000000
69,32,44918952443898.593750
114,32,-62530463109250.429688
115,32,-11307225327904.931641
116,32,59937930992022.156250
118,32,71198459600596.671875
119,32,17593757299936.851562
120,32,-62563279289883.132812
121,32,-727065015774486.875000
122,32,-4281691943473054.500000
123,32,-732485646057312.750000
152,32,-6758571566049.582031
153,32,-57133102625745.171875
154,32,-10468964818338.167969
155,32,725155590980173.625000
156,32,4399371095288207.000000
157,32,745579959127481.625000
158,32,-66832581246392.726562
194,32,-3.041812
204,32,-910.933284
205,32,-124.372408
230,32,-5.347067
240,32,-520.909945
241,32,169.644996
25,33,-24596576122136.093750
26,33,19706590041910.332031
27,33,31790776366928.359375
29,33,23827633626499.796875
30,33,-32043230418872.867188
31,33,-32019520355085.632812
32,33,3090848885420203.500000
33,33,10646670427862056.000000
34,33,-1109987030818563.000000
63,33,42640870537409.929688
64,33,143748199181396.812500
65,33,-15076933969375.605469
66,33,-3132720813412430.500000
67,33,-10933590501027996.000000
68,33,1125292708891064.500000
69,33,155508517709764.593750
114,33,27386220929557.984375
115,33,621705910502.115234
116,33,-51817881493140.273438
118,33,-31268650019888.457031
119,33,7585910348522.341797
120,33,56934790621012.125000
121,33,-301611704041505.750000
122,33,-8471150487464341.000000
123,33,-2442432857736519.000000
152,33,-5843317247424.595703
153,33,-114918392173808.906250
154,33,-32754322322958.703125
155,33,311337450745478.250000
156,33,8715860155200322.000000
157,33,2470070270843405.000000
158,33,-137998892099211.218750
194,33,-21.969678
204,33,-127.424544
205,33,-62.588967
230,33,-13.122102
240,33,217.489462
241,33,-179.679979
25,34,-3482299258384.386719
26,34,31790776366928.367188
27,34,170207106387548.281250
29,34,2962657087422.715820
30,34,-32019520364630.050781
31,34,-180687453217428.812500
32,34,-571025234590791.625000
33,34,-1109987030818563.000000
34,34,701269570543791.000000
63,34,-8437413886743.684570
64,34,-15076933969375.591797
65,34,7818791088900.974609
66,34,579982290585137.750000
67,34,1139698946611871.750000
68,34,-698608014794012.000000
69,34,-14406238790686.029297
114,34,-71774259856516.140625
115,34,-2866825327868.978516
116,34,-132526622420542.421875
118,34,77382868164492.875000
119,34,-80369077934.917358
120,34,140249267475886.140625
121,34,493184189138440.687500
122,34,3544657845341520.000000
123,34,230001592267940.062500
152,34,8518105627186.662109
153,34,48304120323803.781250
154,34,4619742207312.993164
155,34,-507310903147180.062500
156,34,-3645227710103756.000000
157,34,-242343979494492.500000
158,34,55212938881707.937500
194,34,-3.162560
204,34,-88.325306
205,34,-856.680565
230,34,3.664515
240,34,-200.700194
241,34,-527.556227
35,35,27805892127082340352.000000
36,35,33653123128907390976.000000
37,35,-5597604788161238016.000000
38,35,13301639137128.962891
39,35,-1079083977893.396240
40,35,2462353510050.983398
70,35,-56688349134736728.000000
71,35,-68528718296472024.000000
72,35,11394339283360328.000000
79,35,30924211588107.824219
80,35,-1382450254662133.000000
81,35,-4363509176356598.000000
82,35,339632362469479.562500
89,35,-27747865553554329600.000000
90,35,-33580229822380863488.000000
91,35,5585868354163238912.000000
124,35,-20823562775351930880.000000
125,35,-56836341613521117184.000000
126,35,-4439956947842104832.000000
127,35,-12690911212646.207031
128,35,-5567906253895.879883
129,35,1213357349827.798340
159,35,42471371641856304.000000
160,35,115765355584465360.000000
161,35,9040599404432442.000000
168,35,-33529084537984.617188
169,35,212118346354293.312500
170,35,1531952868789442.000000
171,35,-280505526756098.218750
178,35,20780925505354641408.000000
179,35,56719049872978206720.000000
180,35,4431195640607824896.000000
208,35,-1.907937
214,35,-51217.223866
215,35,-6644.914057
216,35,-6952.417611
244,35,-4.097043
250,35,-29288.161684
251,35,-11680.801287
252,35,9483.155259
35,36,33653123128907390976.000000
36,36,128960129599636520960.000000
37,36,-11173753764861179904.000000
38,36,-1079083977893.397461
39,36,7439985937947.096680
40,36,-592947545473.770996
70,36,-68532774776670632.000000
71,36,-262639751278244192.000000
72,36,22759266458094800.000000
79,36,-5801734811165.644531
80,36,476874422497641.000000
81,36,-12002266984899164.000000
82,36,-409240404981509.562500
89,36,-33585060347732099072.000000
90,36,-128685495021429997568.000000
91,36,11151404331749646336.000000
124,36,1637121691582331392.000000
125,36,-107401916885596274688.000000
126,36,-35376525560230387712.000000
127,36,6704691048266.408203
128,36,-3851303421076.392578
129,36,-2249263964375.507812
159,36,-3366813653750796.500000
160,36,218748482558760128.000000
161,36,72054517200864880.000000
168,36,18603341918422.242188
169,36,-351266670518404.500000
170,36,548249128248694.000000
171,36,173324106534783.781250
178,36,-1633428919303253504.000000
179,36,107182624005221629952.000000
180,36,35304299968190234624.000000
209,36,-1.809129
214,36,-7164.445003
215,36,-47993.309913
216,36,-3498.723282
245,36,-3.884866
250,36,12228.345022
251,36,-28665.559871
252,36,-10044.110809
35,37,-5597604788161238016.000000
36,37,-11173753764861179904.000000
37,37,22685715256021000192.000000
38,37,2462353510050.984375
39,37,-592947545473.772705
40,37,6203073820533.819336
70,37,11387772956400290.000000
71,37,22753294690011432.000000
72,37,-46213857745378424.000000
79,37,8237099843576.688477
80,37,-480717124370193.062500
81,37,2522897749419067.500000
82,37,-1373204329606751.000000
89,37,5586687032873555968.000000
90,37,11148478165389713408.000000
91,37,-22638134397027622912.000000
124,37,-2567765288535014912.000000
125,37,44488848848454508544.000000
126,37,-8553306875541699584.000000
127,37,-6754335691312.000977
128,37,1139006230015.048340
129,37,-4013538759091.560547
159,37,5259295628111732.000000
160,37,-90606640220681232.000000
161,37,17428792428248278.000000
168,37,-15300020129780.505859
169,37,217601551192890.031250
170,37,-2211792792523841.500000
171,37,80333897665836.312500
178,37,2562310445714497536.000000
179,37,-44396031554448924672.000000
180,37,8535801762752950272.000000
210,37,-1.819708
214,37,-4966.090353
215,37,-6908.691772
216,37,-47888.443589
246,37,-3.907584
250,37,-11284.368403
251,37,8005.224469
252,37,-29490.393075
38,38,10194383319876798.000000
35,38,13301639137128.962891
36,38,-1079083977893.397461
37,38,2462353510050.984375
39,38,-1350392719023203.000000
40,38,2468629781265437.500000
41,38,1189293081796.681396
42,38,223231715878.141632
43,38,162798056006.198669
48,38,-11372550681675844.000000
49,38,1547587270968258.000000
50,38,-2763355604909521.000000
51,38,1588057747044588.000000
52,38,-233234892162235.593750
53,38,389532834039569.062500
70,38,-152664714899546.875000
71,38,11102938720592.828125
72,38,-28339983371696.292969
73,38,-297707792416766.562500
74,38,25793253752902.507812
75,38,-69092178590813.226562
79,38,25991189842491.996094
124,38,-12690911212646.208984
125,38,-5567906253895.879883
126,38,1213357349827.799316
127,38,-8075354555069544.000000
128,38,-3125415279036675.500000
129,38,145061490182618.250000
130,38,-623225315774.889526
131,38,-680700859774.506470
132,38,54119920790.269127
137,38,8915150533006384.000000
138,38,3410403175908707.000000
139,38,-185523029422531.750000
140,38,-1205464504301345.500000
141,38,-444325121806448.562500
142,38,36510285405611.125000
159,38,142675986068666.687500
160,38,49812448509286.117188
161,38,-935507270606.758545
162,38,264487210997519.656250
163,38,115773383540487.593750
164,38,3619283833639.572754
168,38,-28180534174292.386719
195,38,-237.318359
196,38,-248.300629
231,38,-417.171475
232,38,338.684116
38,39,-1350392719023203.000000
39,39,1748360511508238.750000
35,39,-1079083977893.396240
36,39,7439985937947.096680
37,39,-592947545473.772705
40,39,-848973928631725.000000
41,39,223231715878.141541
42,39,1482821026271.948242
43,39,-71920772789.324753
48,39,1547587270978043.750000
49,39,-1743385246652571.500000
50,39,927635263596202.250000
51,39,-233234892162235.312500
52,39,157502949992999.875000
53,39,-120962315002236.421875
70,39,15979182382310.599609
71,39,-53387497370495.585938
72,39,11823606779023.214844
73,39,25793253757030.207031
74,39,-118013524454023.890625
75,39,31142241577070.121094
79,39,-4876243666331.330078
124,39,6704691048266.406250
125,39,-3851303421076.394531
126,39,-2249263964375.508301
127,39,5188639292820150.000000
128,39,-144731650768560.000000
129,39,411646238264588.187500
130,39,528299344086.779541
131,39,-579567405051.690308
132,39,-331002356711.910645
137,39,-5779627273473375.000000
138,39,1208750922513.062500
139,39,-515880816421593.000000
140,39,803271482384209.000000
141,39,66757800659752.820312
142,39,94985778166660.687500
159,39,-80970982955808.015625
160,39,25811003609205.011719
161,39,5920204485326.655273
162,39,-154181251090664.781250
163,39,55384966404341.664062
164,39,5908861826970.827148
168,39,15635741921143.906250
195,39,-1714.046783
196,39,-124.954403
231,39,-1023.769995
232,39,-358.718243
38,40,2468629781265437.500000
39,40,-848973928631725.000000
40,40,940522530236462.250000
35,40,2462353510050.983398
36,40,-592947545473.770996
37,40,6203073820533.819336
41,40,162798056006.198608
42,40,-71920772789.324677
43,40,363082180992.644043
48,40,-2763355604912756.500000
49,40,927635263600588.750000
50,40,-1013783554268536.500000
51,40,389532834039569.000000
52,40,-120962315002236.500000
53,40,128525156327133.859375
70,40,-35263103305223.179688
71,40,11823606777536.945312
72,40,-24171933526601.617188
73,40,-69092178593286.054688
74,40,31142241577337.636719
75,40,-37658354768663.429688
79,40,6923119937139.925781
124,40,-6754335691311.999023
125,40,1139006230015.046631
126,40,-4013538759091.561523
127,40,-4033086178667272.500000
128,40,-454456310905010.312500
129,40,-317687364443830.375000
130,40,-327511481299.929749
131,40,339761607284.210815
132,40,-152469975122.676208
137,40,4483083761041960.000000
138,40,577166451929747.250000
139,40,340229532030167.687500
140,40,-619614571828202.250000
141,40,-109764230701062.343750
142,40,-42951268337829.468750
159,40,67364634925249.406250
160,40,-5065287538734.367188
161,40,11718520148279.998047
162,40,122193566818695.765625
163,40,-9359390621856.775391
164,40,12856589336879.992188
168,40,-12859365117654.283203
195,40,-246.738992
196,40,-1710.301557
231,40,285.900874
232,40,-1053.228324
41,41,929970442160604.500000
38,41,1189293081796.681396
39,41,223231715878.141541
40,41,162798056006.198608
42,41,435704296983078.125000
43,41,-40416248846623.843750
44,41,14764261721996.570312
45,41,-234144902469041.281250
46,41,-43222030136136.156250
47,41,-4536548016683.937500
73,41,-59651186897604.882812
74,41,-14533512765319.425781
75,41,-566468683639.787231
76,41,-637363645881216.625000
77,41,-392936247519294.875000
78,41,45356467492375.273438
127,41,-623225315774.889771
128,41,-680700859774.506592
129,41,54119920790.269104
130,41,-652717189098595.625000
131,41,-986075368201944.500000
132,41,175079869091005.031250
133,41,-17338885902624.285156
134,41,157616573441470.843750
135,41,159067174443301.343750
136,41,-86807000817193.953125
162,41,43946037144889.601562
163,41,46484862624435.382812
164,41,-14503297728043.826172
165,41,451777803827318.687500
166,41,798542917897571.625000
167,41,-73823690466831.437500
206,41,-1829.186567
207,41,-248.300629
242,41,-1046.005774
243,41,338.684116
41,42,435704296983078.125000
42,42,2176185368417416.250000
38,42,223231715878.141632
39,42,1482821026271.948242
40,42,-71920772789.324677
43,42,-63046962251968.437500
44,42,47587749478623.875000
45,42,-43222030134849.406250
46,42,-342945361114540.812500
47,42,-20571691923407.601562
73,42,-14533512764928.988281
74,42,-98478512601310.781250
75,42,-90406295287.168655
76,42,-378171985797192.875000
77,42,-1783832065204448.000000
78,42,83780981241390.562500
127,42,528299344086.779297
128,42,-579567405051.690063
129,42,-331002356711.910522
130,42,237202326739056.062500
131,42,-1629972786737640.500000
132,42,-743381204933220.125000
133,42,-32832589953757.070312
134,42,-72803436541654.281250
135,42,226062977366424.906250
136,42,151058936500250.781250
162,42,-19843349621214.273438
163,42,67620154905234.000000
164,42,37620813559594.851562
165,42,-145083839921566.031250
166,42,1369701811825609.250000
167,42,555032457230559.500000
206,42,-255.873036
207,42,-124.954403
242,42,436.726608
243,42,-358.718243
41,43,-40416248846623.843750
42,43,-63046962251968.437500
43,43,1034178393250125.375000
38,43,162798056006.198669
39,43,-71920772789.324753
40,43,363082180992.644043
44,43,-6010628249217.647461
45,43,-4536548017169.763672
46,43,-20571691922597.320312
47,43,-337163445409168.812500
73,43,-566468683895.247314
74,43,-90406294962.141510
75,43,-62333068982240.335938
76,43,45356467489499.085938
77,43,89791609490914.140625
78,43,-635044961044872.500000
127,43,-327511481299.929932
128,43,339761607284.210815
129,43,-152469975122.676270
130,43,-385934792209677.250000
131,43,699906902865191.000000
132,43,-573289128405612.500000
133,43,15398552398893.250000
134,43,137516261725888.031250
135,43,-108642324398839.906250
136,43,168170330963156.718750
162,43,29011196460120.730469
163,43,-28693928039807.332031
164,43,41253654547356.031250
165,43,219734845505594.937500
166,43,-578308964432981.625000
167,43,364017612869856.375000
206,43,-177.360370
207,43,-1710.301557
242,43,-403.013157
243,43,-1053.228324
44,44,5591670860018.193359
41,44,14764261721996.570312
42,44,47587749478623.875000
43,44,-6010628249217.647461
76,44,-14764261721995.253906
77,44,-53179420338595.359375
78,44,6010628249219.727539
130,44,-3488564873981.133789
131,44,-46991163525851.085938
132,44,-11864622321804.417969
133,44,-4503773659623.768555
165,44,3488564873989.131836
166,44,51494937185468.976562
167,44,11864622321802.289062
41,45,-234144902469041.281250
42,45,-43222030134849.406250
43,45,-4536548017169.763672
45,45,95596513492028.718750
46,45,9185060951102.318359
47,45,3860323435784.224609
73,45,13105928687110.988281
74,45,3219713301252.201172
75,45,63967190117.324219
76,45,125442460290919.453125
77,45,30817255883413.925781
78,45,612257391122.964844
130,45,157616573443765.125000
131,45,159067174443727.093750
132,45,-86807000816878.125000
134,45,-54477977303707.421875
135,45,-50060740017969.789062
136,45,52128953523793.656250
162,45,-9756353688910.632812
163,45,-10311419472725.255859
164,45,3280355825026.236328
165,45,-93382242451001.781250
166,45,-98695014953227.421875
167,45,31397691468108.253906
41,46,-43222030136136.156250
42,46,-342945361114540.812500
43,46,-20571691922597.320312
45,46,9185060951102.318359
46,46,112186459826276.406250
47,46,20050533898344.398438
73,46,3219713301252.199219
74,46,21828544716643.375000
75,46,49298732050.420898
76,46,30817255883413.906250
77,46,208930356573586.500000
78,46,471859292482.621094
130,46,-72803436540625.781250
131,46,226062977370255.843750
132,46,151058936500735.718750
134,46,27274424587563.550781
135,46,-65761332010997.453125
136,46,-61910427695969.562500
162,46,4306798428022.367188
163,46,-15163669155625.447266
164,46,-8432967049109.580078
165,46,41222213525356.945312
166,46,-145137976203843.500000
167,46,-80715541755763.093750
41,47,-4536548016683.937500
42,47,-20571691923407.601562
43,47,-337163445409168.812500
45,47,3860323435784.224609
46,47,20050533898344.398438
47,47,188672981112436.187500
73,47,63967190117.323730
74,47,49298732050.419922
75,47,14046395271368.257812
76,47,612257391122.960938
77,47,471859292482.582031
78,47,134444069025953.312500
130,47,137516261726040.781250
131,47,-108642324398656.859375
132,47,168170330964416.343750
134,47,-69074611376530.757812
135,47,41015980687220.320312
136,47,-69524751927361.328125
162,47,-6474210168208.406250
163,47,6397086567299.758789
164,47,-9331338557549.457031
165,47,-61967440181423.320312
166,47,61229257144154.812500
167,47,-89314240479401.906250
38,48,-11372550681675844.000000
39,48,1547587270978043.750000
40,48,-2763355604912756.500000
48,48,12955599960562378.000000
49,48,-1799311334691603.750000
50,48,3155747197667321.000000
51,48,-1917824889280104.250000
52,48,281570552779983.250000
53,48,-470374147208071.375000
54,48,106134679466.924500
55,48,10556580871.547264
56,48,13334382322.219296
70,48,86118796079132.218750
71,48,-7682950104824.407227
72,48,20063409384791.062500
73,48,248550782743238.093750
74,48,-22174058965904.105469
75,48,57905780551154.421875
127,48,8915150533028674.000000
128,48,3410403175911834.500000
129,48,-185523029419926.750000
137,48,-10072248813574422.000000
138,48,-3817429329286853.000000
139,48,233934640594290.750000
140,48,1455596641167019.500000
141,48,536640184342610.812500
142,48,-44191267630054.195312
143,48,-29724165824.147457
144,48,-42945956145.659615
145,48,29347913291.656113
159,48,-76803394348676.265625
160,48,-33341858818507.460938
161,48,-1093551177718.583618
162,48,-221665242105337.937500
163,48,-96229226194009.140625
164,48,-3156140280247.205566
195,48,286.539945
196,48,299.800019
231,48,503.695928
232,48,-408.929711
38,49,1547587270968258.000000
