0,0,67476278833249099776.000000
1,0,22387819193802375168.000000
2,0,14465589170664888320.000000
3,0,-67476278816785563648.000000
4,0,-22387819193802375168.000000
5,0,-14465589170664888320.000000
930,0,1479772056252821504.000000
931,0,27730021525399564288.000000
932,0,-14182029230627112960.000000
1857,0,-49547.939714
1858,0,200049.801658
1859,0,-144452.858166
2475,0,-648004.947700
2476,0,-133310.399975
2477,0,-78740.831004
0,1,22387819193802375168.000000
1,1,78083716007930511360.000000
2,1,22489811644240424960.000000
3,1,-22387819193802375168.000000
4,1,-78083715991466983424.000000
5,1,-22489811644240424960.000000
930,1,-25869088938576445440.000000
931,1,2559867692111492096.000000
932,1,28365981478387462144.000000
1857,1,-215475.093796
1858,1,-55314.389028
1859,1,200049.801658
2475,1,-106593.010271
2476,1,-695176.247894
2477,1,-133310.399975
0,2,14465589170664888320.000000
1,2,22489811644240424960.000000
2,2,68718810306873090048.000000
3,2,-14465589170664888320.000000
4,2,-22489811644240424960.000000
5,2,-68718810290409553920.000000
930,2,15866904208200196096.000000
931,2,-26407319218118823936.000000
932,2,3440042939070038016.000000
1857,2,140417.989048
1858,2,-215475.093796
1859,2,-49547.939714
2475,2,-85729.429319
2476,2,-106593.010271
2477,2,-648004.947700
0,3,-67476278816785563648.000000
1,3,-22387819193802375168.000000
2,3,-14465589170664888320.000000
3,3,247435661274528612352.000000
4,3,82097279311865856000.000000
5,3,53046204395673419776.000000
6,3,-90926297481584738304.000000
7,3,-30194631120666509312.000000
8,3,-19508371398851620864.000000
12,3,-89033084976164257792.000000
13,3,-29514828997402705920.000000
14,3,-19072243826159755264.000000
930,3,-5426466335598563328.000000
931,3,-101684735515760574464.000000
932,3,52004343541517565952.000000
933,3,1993850575413122560.000000
934,3,37345819952520036352.000000
935,3,-19087128495655055360.000000
939,3,1952843703933213440.000000
940,3,36608894037839208448.000000
941,3,-18735185815234224128.000000
1857,3,148643.819141
1858,3,-600149.404975
1859,3,433358.574498
1860,3,-49547.939714
1861,3,200049.801658
1862,3,-144452.858166
1866,3,-49547.939714
1867,3,200049.801658
1868,3,-144452.858166
2475,3,1944014.843099
2476,3,399931.199924
2477,3,236222.493013
2478,3,-648004.947700
2479,3,-133310.399975
2480,3,-78740.831004
2484,3,-648004.947700
2485,3,-133310.399975
2486,3,-78740.831004
0,4,-22387819193802375168.000000
1,4,-78083715991466983424.000000
2,4,-22489811644240424960.000000
3,4,82097279311865856000.000000
4,4,286334698857308389376.000000
5,4,82471176574834507776.000000
6,4,-30194631120666509312.000000
7,4,-105287876948205060096.000000
8,4,-30329363194152361984.000000
12,4,-29514828997397901312.000000
13,4,-102963105917633495040.000000
14,4,-29652001736434622464.000000
930,4,94861145260115427328.000000
931,4,-9387646634297726976.000000
932,4,-104017302881906343936.000000
933,4,-34858899485251440640.000000
934,4,3462068452280685568.000000
935,4,38223043244194758656.000000
939,4,-34133156836286500864.000000
940,4,3365710489901490176.000000
941,4,37428278159327141888.000000
1857,4,646425.281388
1858,4,165943.167084
1859,4,-600149.404975
1860,4,-215475.093796
1861,4,-55314.389028
1862,4,200049.801658
1866,4,-215475.093796
1867,4,-55314.389028
1868,4,200049.801658
2475,4,319779.030812
2476,4,2085528.743681
2477,4,399931.199924
2478,4,-106593.010271
2479,4,-695176.247894
2480,4,-133310.399975
2484,4,-106593.010271
2485,4,-695176.247894
2486,4,-133310.399975
0,5,-14465589170664888320.000000
1,5,-22489811644240424960.000000
2,5,-68718810290409553920.000000
3,5,53046204395673419776.000000
4,5,82471176574834507776.000000
5,5,251992296043076059136.000000
6,5,-19508371398851620864.000000
7,5,-30329363194152361984.000000
8,5,-92611263499581652992.000000
12,5,-19072243826157723648.000000
13,5,-29652001736435113984.000000
14,5,-90662222253080231936.000000
930,5,-58183437604366983168.000000
931,5,96833979780757733376.000000
932,5,-12615500337952239616.000000
933,5,21372130594162819072.000000
934,5,-35557695594290851840.000000
935,5,4652561930430026752.000000
939,5,20944402802003382272.000000
940,5,-34868964968351100928.000000
941,5,4522895468455823872.000000
1857,5,-421253.967144
1858,5,646425.281388
1859,5,148643.819141
1860,5,140417.989048
1861,5,-215475.093796
1862,5,-49547.939714
1866,5,140417.989048
1867,5,-215475.093796
1868,5,-49547.939713
2475,5,257188.287956
2476,5,319779.030812
2477,5,1944014.843099
2478,5,-85729.429319
2479,5,-106593.010271
2480,5,-648004.947700
2484,5,-85729.429319
2485,5,-106593.010271
2486,5,-648004.947700
3,6,-90926297481584738304.000000
4,6,-30194631120666509312.000000
5,6,-19508371398851620864.000000
6,6,90926310251196661760.000000
7,6,30194636123956273152.000000
8,6,19508377028773670912.000000
9,6,-220022916044906.875000
10,6,319534548636718.187500
11,6,-122897992127552.421875
930,6,1993850575413122560.000000
931,6,37345819952520036352.000000
932,6,-19087128495655055360.000000
933,6,-1993851555185177856.000000
934,6,-37345824870642524160.000000
935,6,19087132593860358144.000000
936,6,-266850826138947.718750
937,6,-49642507456933.515625
938,6,318293022840839.375000
1857,6,-49547.939714
1858,6,200049.801658
1859,6,-144452.858166
1860,6,49563.341254
1861,6,-200112.641898
1862,6,144523.399176
1863,6,-15.401540
1864,6,62.840240
1865,6,-70.541010
2475,6,-648004.947700
2476,6,-133310.399975
2477,6,-78740.831004
2478,6,648158.963101
2479,6,133355.572888
2480,6,78772.665792
2481,6,-154.015402
2482,6,-45.172913
2483,6,-31.834788
3,7,-30194631120666509312.000000
4,7,-105287876948205060096.000000
5,7,-30329363194152361984.000000
6,7,30194636123956273152.000000
7,7,105287889799897759744.000000
8,7,30329369280178245632.000000
9,7,-434548465473481.062500
10,7,312243713051175.000000
11,7,98380208177409.843750
930,7,-34858899485251440640.000000
931,7,3462068452280685568.000000
932,7,38223043244194758656.000000
933,7,34858903165894889472.000000
934,7,-3462068206750053888.000000
935,7,-38223048402898624512.000000
936,7,-137419989877668.312500
937,7,-323972743372059.937500
938,7,462625263030913.500000
1857,7,-215475.093796
1858,7,-55314.389028
1859,7,200049.801658
1860,7,215545.634806
1861,7,55329.790568
1862,7,-200112.641898
1863,7,-70.541010
1864,7,-15.401540
1865,7,62.840240
2475,7,-106593.010271
2476,7,-695176.247894
2477,7,-133310.399975
2478,7,106624.845059
2479,7,695330.263295
2480,7,133355.572888
2481,7,-31.834788
2482,7,-154.015402
2483,7,-45.172913
3,8,-19508371398851620864.000000
4,8,-30329363194152361984.000000
5,8,-92611263499581652992.000000
6,8,19508377028773670912.000000
7,8,30329369280178245632.000000
8,8,92611280953447628800.000000
9,8,-1279259810122654.250000
10,8,1293147534226312.750000
11,8,-43041073978510.187500
930,8,21372130594162819072.000000
931,8,-35557695594290851840.000000
932,8,4652561930430026752.000000
933,8,-21372138151275712512.000000
934,8,35557702076488257536.000000
935,8,-4652562882635142144.000000
936,8,-795582776349129.750000
937,8,-763057882785919.125000
938,8,1560667779727272.750000
1857,8,140417.989048
1858,8,-215475.093796
1859,8,-49547.939714
1860,8,-140480.829288
1861,8,215545.634806
1862,8,49563.341254
1863,8,62.840240
1864,8,-70.541010
1865,8,-15.401540
2475,8,-85729.429319
2476,8,-106593.010271
2477,8,-648004.947700
2478,8,85774.602232
2479,8,106624.845059
2480,8,648158.963101
2481,8,-45.172913
2482,8,-31.834788
2483,8,-154.015402
6,9,-220022916044906.875000
7,9,-434548465473481.062500
8,9,-1279259810122654.250000
9,9,29717623615095771136.000000
10,9,-161568541846097056.000000
11,9,-13584540174974338.000000
18,9,-8856132918173726720.000000
19,9,1595345401431177.750000
20,9,235651000790732.000000
63,9,-11165963462761691136.000000
64,9,98123270982306.718750
65,9,-501154982876967.500000
111,9,-9517504793388087296.000000
112,9,1688481894371381.250000
113,9,-4051956918068568.000000
933,9,647426239355532.500000
934,9,-506781040204173.562500
935,9,265396403919936.312500
936,9,-14115273784687181824.000000
937,9,166855677729134752.000000
938,9,-230272284107285184.000000
945,9,3994093396284462080.000000
946,9,-13863559699013222.000000
947,9,4752920769926376.000000
990,9,5855466995825145856.000000
991,9,-17449142059677638.000000
992,9,7486140718504415.000000
1038,9,4349596900513307136.000000
1039,9,-15621196428332002.000000
1040,9,13821893537934852.000000
1860,9,-15.401540
1861,9,62.840240
1862,9,-70.541010
1863,9,256776.355107
1864,9,-463.349213
1865,9,-11545.202360
1872,9,-64190.238392
1873,9,100.127243
1874,9,1.744038
1917,9,-64190.238392
1918,9,100.127243
1919,9,1.744038
1965,9,-128380.476783
1966,9,200.254486
1967,9,3.488075
2478,9,-154.015402
2479,9,-45.172913
2480,9,-31.834788
2481,9,131941.975942
2482,9,-145.345972
2483,9,20224.742374
2490,9,-32946.990135
2491,9,47.629721
2492,9,-21.483237
2535,9,-32946.990135
2536,9,47.629721
2537,9,-21.483237
2583,9,-65893.980270
2584,9,95.259442
2585,9,-42.966475
6,10,319534548636718.187500
7,10,312243713051175.000000
8,10,1293147534226312.750000
9,10,-161568541846097056.000000
10,10,29792996817781014528.000000
11,10,-35747027482252776.000000
18,10,1595345401431177.750000
19,10,-9037643016474421248.000000
20,10,1584356372251419.000000
63,10,98123270979109.953125
64,10,-10825108760229558272.000000
65,10,4777449407495042.000000
111,10,1688481894368528.250000
112,10,-9753287215641972736.000000
113,10,8689078978875924.000000
933,10,-594558522624908.125000
934,10,590304322122420.625000
935,10,4502651022247.687500
936,10,-175580795525560960.000000
937,10,-13240876053648371712.000000
938,10,283949770448076256.000000
945,10,16785940759233140.000000
946,10,3667082855559931904.000000
947,10,-17558198878594272.000000
990,10,22764130086752584.000000
991,10,5032701990506299392.000000
992,10,-24344921507096512.000000
1038,10,17398584676658958.000000
1039,10,4456561526895862272.000000
1040,10,-38885077823711152.000000
1860,10,-70.541010
1861,10,-15.401540
1862,10,62.840240
1863,10,105.801302
1864,10,256514.230142
1865,10,-12072.116432
1872,10,-8.815073
1873,10,-64124.707150
1874,10,100.127243
1917,10,-8.815073
1918,10,-64124.707150
1919,10,100.127243
1965,10,-17.630146
1966,10,-128249.414301
1967,10,200.254486
2478,10,-31.834788
2479,10,-154.015402
2480,10,-45.172913
2481,10,473.945175
2482,10,132135.986741
2483,10,-20252.320609
2490,10,-110.527597
2491,10,-32995.492835
2492,10,47.629721
2535,10,-110.527597
2536,10,-32995.492835
2537,10,47.629721
2583,10,-221.055194
2584,10,-65990.985670
2585,10,95.259442
6,11,-122897992127552.421875
7,11,98380208177409.843750
8,11,-43041073978510.187500
9,11,-13584540174974338.000000
10,11,-35747027482252776.000000
11,11,37133355250248220672.000000
18,11,235651000790732.000000
19,11,1584356372251419.000000
20,11,-8932884714046991360.000000
63,11,-501154982879107.000000
64,11,4777449407494616.000000
65,11,-13170209923489652736.000000
111,11,-4051956918072326.000000
112,11,8689078978882419.000000
113,11,-14991594892830179328.000000
933,11,-48011475236273.492188
934,11,-85332887474725.578125
935,11,-267886351261688.375000
936,11,48920106144620560.000000
937,11,-53346996795150584.000000
938,11,-35789656077009555456.000000
945,11,-3723295357472851.500000
946,11,12843625461220448.000000
947,11,5822209546046611456.000000
990,11,-5270167789085814.000000
991,11,12846703054816992.000000
992,11,9663184279817005056.000000
1038,11,-3978157338511039.000000
1039,11,-6598757443108184.000000
1040,11,20302970421922586624.000000
1860,11,62.840240
1861,11,-70.541010
1862,11,-15.401540
1863,11,-133.772282
1864,11,105.801302
1865,11,279993.889545
1872,11,17.733011
1873,11,-8.815073
1874,11,-64190.238392
1917,11,17.733011
1918,11,-8.815073
1919,11,-64190.238392
1965,11,35.466021
1966,11,-17.630146
1967,11,-128380.476783
2478,11,-45.172913
2479,11,-31.834788
2480,11,-154.015402
2481,11,-3.835086
2482,11,473.945175
2483,11,131941.975942
2490,11,12.252000
2491,11,-110.527597
2492,11,-32946.990135
2535,11,12.252000
2536,11,-110.527597
2537,11,-32946.990135
2583,11,24.503999
2584,11,-221.055194
2585,11,-65893.980270
3,12,-89033084976164257792.000000
4,12,-29514828997397901312.000000
5,12,-19072243826157723648.000000
12,12,89033097620559511552.000000
13,12,29514834262986031104.000000
14,12,19072250344491704320.000000
15,12,-362776753720048.500000
16,12,433578621290499.437500
17,12,-95213706192262.593750
930,12,1952843703933269760.000000
931,12,36608894037843083264.000000
932,12,-18735185815236722688.000000
939,12,-1952845196280339712.000000
940,12,-36608898474493751296.000000
941,12,18735189545510694912.000000
942,12,-318311527218489.375000
943,12,-154061080461210.750000
944,12,474571331435711.875000
1857,12,-49547.939714
1858,12,200049.801658
1859,12,-144452.858166
1866,12,49563.341254
1867,12,-200112.641898
1868,12,144523.399176
1869,12,-15.401540
1870,12,62.840240
1871,12,-70.541010
2475,12,-648004.947700
2476,12,-133310.399975
2477,12,-78740.831004
2484,12,648158.963101
2485,12,133355.572888
2486,12,78772.665792
2487,12,-154.015402
2488,12,-45.172913
2489,12,-31.834788
3,13,-29514828997402705920.000000
4,13,-102963105917633495040.000000
5,13,-29652001736435113984.000000
12,13,29514834262986031104.000000
13,13,102963118859105763328.000000
14,13,29652009162976239616.000000
15,13,-604554441764083.250000
16,13,507351105959532.875000
17,13,71586194162981.921875
930,13,-34133156836284235776.000000
931,13,3365710489919787008.000000
932,13,37428278159325413376.000000
939,13,34133159775268540416.000000
940,13,-3365709574180402176.000000
941,13,-37428283196890849280.000000
942,13,-270440689844560.125000
943,13,-412114228308973.750000
944,13,683737759899730.500000
1857,13,-215475.093796
1858,13,-55314.389028
1859,13,200049.801658
1866,13,215545.634806
1867,13,55329.790568
1868,13,-200112.641898
1869,13,-70.541010
1870,13,-15.401540
1871,13,62.840240
2475,13,-106593.010271
2476,13,-695176.247894
2477,13,-133310.399975
2484,13,106624.845059
2485,13,695330.263295
2486,13,133355.572887
2487,13,-31.834788
2488,13,-154.015402
2489,13,-45.172913
3,14,-19072243826159755264.000000
4,14,-29652001736434622464.000000
5,14,-90662222253080231936.000000
12,14,19072250344491704320.000000
13,14,29652009162976239616.000000
14,14,90662244314986938368.000000
15,14,-1905393707110082.750000
16,14,1910814093107869.000000
17,14,-41410712658185.742188
930,14,20944402802002014208.000000
931,14,-34868964968348938240.000000
932,14,4522895468439955456.000000
939,14,-20944412604769165312.000000
940,14,34868973440634789888.000000
941,14,-4522896959552104960.000000
942,14,-1164808388663747.750000
943,14,-1147864734525158.750000
944,14,2315494716633349.500000
1857,14,140417.989048
1858,14,-215475.093796
1859,14,-49547.939714
1866,14,-140480.829288
1867,14,215545.634806
1868,14,49563.341254
1869,14,62.840240
1870,14,-70.541010
1871,14,-15.401540
2475,14,-85729.429319
2476,14,-106593.010271
2477,14,-648004.947700
2484,14,85774.602232
2485,14,106624.845059
2486,14,648158.963101
2487,14,-45.172913
2488,14,-31.834788
2489,14,-154.015402
12,15,-362776753720048.500000
13,15,-604554441764083.250000
14,15,-1905393707110082.750000
15,15,28029921925850095616.000000
16,15,-245248098815227296.000000
17,15,571239156629883.250000
216,15,-8996197669350631424.000000
217,15,407291743169468.187500
218,15,-6598199401728959.000000
261,15,-7795506493892136960.000000
262,15,561061265837070.312500
263,15,-1057101576854000.000000
315,15,-10981041106644133888.000000
316,15,2578131008392851.500000
317,15,-5518237207185542.000000
939,15,940357919940960.250000
940,15,-783395804041085.500000
941,15,298335958860473.625000
942,15,-13007870529301727232.000000
943,15,209545150693372928.000000
944,15,-345818686825494720.000000
1143,15,4364926506263059968.000000
1144,15,-14053163301307098.000000
1145,15,18731506749671564.000000
1188,15,4061361774104153600.000000
1189,15,-12221953715525256.000000
1190,15,6546328047018558.000000
1242,15,4718737378331319296.000000
1243,15,-18006686590198882.000000
1244,15,17667077470893932.000000
1866,15,-15.401540
1867,15,62.840240
1868,15,-70.541010
1869,15,256776.355107
1870,15,-463.349213
1871,15,-11545.202360
2070,15,-64190.238392
2071,15,100.127243
2072,15,1.744038
2115,15,-64190.238392
2116,15,100.127243
2117,15,1.744038
2169,15,-128380.476783
2170,15,200.254486
2171,15,3.488075
2484,15,-154.015402
2485,15,-45.172913
2486,15,-31.834788
2487,15,131941.975942
2488,15,-145.345972
2489,15,20224.742374
2688,15,-32946.990135
2689,15,47.629721
2690,15,-21.483237
2733,15,-32946.990135
2734,15,47.629721
2735,15,-21.483237
2787,15,-65893.980270
2788,15,95.259442
2789,15,-42.966475
12,16,433578621290499.437500
13,16,507351105959532.875000
14,16,1910814093107869.000000
15,16,-245248098815227296.000000
16,16,28163538490037436416.000000
17,16,-45188345758011608.000000
216,16,407291743169468.187500
217,16,-8637301789460537344.000000
218,16,16762004309514822.000000
261,16,561061265837070.312500
262,16,-7856450026294685696.000000
263,16,1538109654551040.000000
315,16,2578131008392851.500000
316,16,-11414350571118680064.000000
317,16,10302016847266426.000000
939,16,-899775413424435.375000
940,16,846555218850475.750000
941,16,-93693385402258.937500
942,16,-216180306793315520.000000
943,16,-12483284199423860736.000000
944,16,421410194179388160.000000
1143,16,17727508285205322.000000
1144,16,3840780944268923392.000000
1145,16,-48203005100228760.000000
1188,16,15772461189919680.000000
1189,16,3534930625300518912.000000
1190,16,-21964793536076904.000000
1242,16,19526160886574404.000000
1243,16,4969361589685559296.000000
1244,16,-49730265362629440.000000
1866,16,-70.541010
1867,16,-15.401540
1868,16,62.840240
1869,16,105.801302
1870,16,256514.230142
1871,16,-12072.116432
2070,16,-8.815073
2071,16,-64124.707150
2072,16,100.127243
2115,16,-8.815073
2116,16,-64124.707150
2117,16,100.127243
2169,16,-17.630146
2170,16,-128249.414301
2171,16,200.254486
2484,16,-31.834788
2485,16,-154.015402
2486,16,-45.172913
2487,16,473.945175
2488,16,132135.986741
2489,16,-20252.320609
2688,16,-110.527597
2689,16,-32995.492835
2690,16,47.629721
2733,16,-110.527597
2734,16,-32995.492835
2735,16,47.629721
2787,16,-221.055194
2788,16,-65990.985670
2789,16,95.259442
12,17,-95213706192262.593750
13,17,71586194162981.921875
14,17,-41410712658185.742188
15,17,571239156629883.250000
16,17,-45188345758011608.000000
17,17,45195155177823092736.000000
216,17,-6598199401728959.000000
217,17,16762004309514822.000000
218,17,-19366736036725940224.000000
261,17,-1057101576854000.000000
262,17,1538109654551040.000000
263,17,-8288331421920546816.000000
315,17,-5518237207185542.000000
316,17,10302016847266426.000000
317,17,-17510834149750620160.000000
939,17,-32226377646589.105469
940,17,-68110780505764.921875
941,17,-201844177685340.625000
942,17,39404161040425944.000000
943,17,3536996160972416.500000
944,17,-63821898220506071040.000000
1143,17,-4402091408468009.500000
1144,17,-21034693313876880.000000
1145,17,27491931249270759424.000000
1188,17,-3055145485291599.000000
1189,17,4743717292082386.000000
1190,17,9830049579296370688.000000
1242,17,-4194316506197332.000000
1243,17,-12584287013442376.000000
1244,17,26497805232508571648.000000
1866,17,62.840240
1867,17,-70.541010
1868,17,-15.401540
1869,17,-133.772282
1870,17,105.801302
1871,17,279993.889545
2070,17,17.733011
2071,17,-8.815073
2072,17,-64190.238392
2115,17,17.733011
2116,17,-8.815073
2117,17,-64190.238392
2169,17,35.466021
2170,17,-17.630146
2171,17,-128380.476783
2484,17,-45.172913
2485,17,-31.834788
2486,17,-154.015402
2487,17,-3.835086
2488,17,473.945175
2489,17,131941.975942
2688,17,12.252000
2689,17,-110.527597
2690,17,-32946.990135
2733,17,12.252000
2734,17,-110.527597
2735,17,-32946.990135
2787,17,24.503999
2788,17,-221.055194
2789,17,-65893.980270
9,18,-8856132918173726720.000000
10,18,1595345401431177.750000
11,18,235651000790732.000000
18,18,8859675599296643072.000000
19,18,-1595983613262499.000000
20,18,-235745266786752.781250
21,18,-3542663895708089.500000
22,18,638211831321.438354
23,18,94265996021.076904
936,18,3994093396284462080.000000
937,18,-13863559699013222.000000
938,18,4752920769926376.000000
945,18,-3995691099344565760.000000
946,18,13869105426933830.000000
947,18,-4754822058261381.000000
948,18,1597703060103906.500000
949,18,-5545727920603.483398
950,18,1901288335004.651611
1863,18,-64190.238392
1864,18,100.127243
1865,18,1.744038
1872,18,65474.043160
1873,18,-102.129788
1874,18,-1.778918
1875,18,-1283.804768
1876,18,2.002545
1877,18,0.034881
2481,18,-32946.990135
2482,18,47.629721
2483,18,-21.483237
2490,18,33605.929938
2491,18,-48.582316
2492,18,21.912902
2493,18,-658.939803
2494,18,0.952594
2495,18,-0.429665
9,19,1595345401431177.750000
10,19,-9037643016474421248.000000
11,19,1584356372251419.000000
18,19,-1595983613262499.000000
19,19,9041258304430268416.000000
20,19,-1584990205469765.500000
21,19,638211831321.438354
22,19,-3615270724287621.000000
23,19,633833218346.729980
936,19,16785940759233140.000000
937,19,3667082855559931904.000000
938,19,-17558198878594272.000000
945,19,-16792655508237234.000000
946,19,-3668549742161943040.000000
947,19,17565222590634872.000000
948,19,6714749004092.220703
949,19,1466886602011109.750000
950,19,-7023712040600.886719
1863,19,-8.815073
1864,19,-64124.707150
1865,19,100.127243
1872,19,8.991374
1873,19,65407.201293
1874,19,-102.129788
1875,19,-0.176301
1876,19,-1282.494143
1877,19,2.002545
2481,19,-110.527597
2482,19,-32995.492835
2483,19,47.629721
2490,19,112.738149
2491,19,33655.402692
2492,19,-48.582316
2493,19,-2.210552
2494,19,-659.909857
2495,19,0.952594
9,20,235651000790732.000000
10,20,1584356372251419.000000
11,20,-8932884714046991360.000000
18,20,-235745266786752.781250
19,20,-1584990205469765.500000
20,20,8936458103805897728.000000
21,20,94265996021.076904
22,20,633833218346.729980
23,20,-3573372541009966.000000
936,20,-3723295357472851.500000
937,20,12843625461220448.000000
938,20,5822209546046611456.000000
945,20,3724784756307912.000000
946,20,-12848763134861136.000000
947,20,-5824538561422270464.000000
948,20,-1489398835061.004395
949,20,5137673640691.532227
950,20,2329015375659745.000000
1863,20,17.733011
1864,20,-8.815073
1865,20,-64190.238392
1872,20,-18.087671
1873,20,8.991374
1874,20,65474.043160
1875,20,0.354660
1876,20,-0.176301
1877,20,-1283.804768
2481,20,12.252000
2482,20,-110.527597
2483,20,-32946.990135
2490,20,-12.497040
2491,20,112.738149
2492,20,33605.929938
2493,20,0.245040
2494,20,-2.210552
2495,20,-658.939803
18,21,-3542663895708089.500000
19,21,638211831321.438354
20,21,94265996021.076904
21,21,3542663895708089.500000
22,21,-638211831321.438354
23,21,-94265996021.076904
945,21,1597703060103906.500000
946,21,-5545727920603.483398
947,21,1901288335004.651611
948,21,-1597703060103906.500000
949,21,5545727920603.483398
950,21,-1901288335004.651611
1872,21,-1283.804768
1873,21,2.002545
1874,21,0.034881
1875,21,65474.043160
1876,21,-102.129788
1877,21,-1.778918
1878,21,-32095.119196
1879,21,50.063622
1880,21,0.872019
1881,21,-32095.119196
1882,21,50.063622
1883,21,0.872019
2490,21,-658.939803
2491,21,0.952594
2492,21,-0.429665
2493,21,33605.929938
2494,21,-48.582316
2495,21,21.912902
2496,21,-16473.495068
2497,21,23.814861
2498,21,-10.741619
2499,21,-16473.495068
2500,21,23.814861
2501,21,-10.741619
18,22,638211831321.438354
19,22,-3615270724287621.000000
20,22,633833218346.729980
21,22,-638211831321.438354
22,22,3615270724287621.000000
23,22,-633833218346.729980
945,22,6714749004092.220703
946,22,1466886602011109.750000
947,22,-7023712040600.886719
948,22,-6714749004092.220703
949,22,-1466886602011109.750000
950,22,7023712040600.886719
1872,22,-0.176301
1873,22,-1282.494143
1874,22,2.002545
1875,22,8.991374
1876,22,65407.201293
1877,22,-102.129788
1878,22,-4.407536
1879,22,-32062.353575
1880,22,50.063622
1881,22,-4.407536
1882,22,-32062.353575
1883,22,50.063622
2490,22,-2.210552
2491,22,-659.909857
2492,22,0.952594
2493,22,112.738149
2494,22,33655.402692
2495,22,-48.582316
2496,22,-55.263798
2497,22,-16497.746417
2498,22,23.814861
2499,22,-55.263798
2500,22,-16497.746417
2501,22,23.814861
18,23,94265996021.076904
19,23,633833218346.729980
20,23,-3573372541009966.000000
21,23,-94265996021.076904
22,23,-633833218346.729980
23,23,3573372541009966.000000
945,23,-1489398835061.004395
946,23,5137673640691.532227
947,23,2329015375659745.000000
948,23,1489398835061.004395
949,23,-5137673640691.532227
950,23,-2329015375659745.000000
1872,23,0.354660
1873,23,-0.176301
1874,23,-1283.804768
1875,23,-18.087671
1876,23,8.991374
1877,23,65474.043160
1878,23,8.866505
1879,23,-4.407536
1880,23,-32095.119196
1881,23,8.866505
1882,23,-4.407536
1883,23,-32095.119196
2490,23,0.245040
2491,23,-2.210552
2492,23,-658.939803
2493,23,-12.497040
2494,23,112.738149
2495,23,33605.929938
2496,23,6.126000
2497,23,-55.263798
2498,23,-16473.495068
2499,23,6.126000
2500,23,-55.263798
2501,23,-16473.495068
24,24,127315969942935248.000000
25,24,56619946010598320.000000
26,24,-183693145733899200.000000
843,24,180355362684231232.000000
844,24,-41444338712032848.000000
845,24,-139153794191918432.000000
951,24,-145820056432821920.000000
952,24,188669669688295488.000000
953,24,-44816612508498400.000000
1770,24,-57791463410480872.000000
1771,24,193044039814754240.000000
1772,24,-133285577151248528.000000
1875,24,-32095.119196
1876,24,50.063622
1877,24,0.872019
1878,24,32095.581242
1879,24,-51.948829
1880,24,-347.018805
2412,24,-2.347253
2413,24,1.654184
2493,24,-16473.495068
2494,24,23.814861
2495,24,-10.741619
2496,24,16478.115530
2497,24,-22.459673
2498,24,614.905901
3030,24,-3.265275
3031,24,-3.665418
24,25,56619946010598320.000000
25,25,129165837575660896.000000
26,25,-186368891316854688.000000
843,25,141237636157184208.000000
844,25,41271734854229736.000000
845,25,-181926263280885280.000000
951,25,-190913466494959840.000000
952,25,146940930264517088.000000
953,25,42073901162743064.000000
1770,25,-134404062718017280.000000
1771,25,195268750899265504.000000
1772,25,-58966053113548616.000000
1875,25,-4.407536
1876,25,-32062.353575
1877,25,50.063622
1878,25,6.523767
1879,25,32062.815621
1880,25,-400.211845
2413,25,-2.347253
2414,25,1.654184
2493,25,-55.263798
2494,25,-16497.746417
2495,25,23.814861
2496,25,56.218842
2497,25,16502.366879
2498,25,-625.668912
3031,25,-3.265275
3032,25,-3.665418
24,26,-183693145733899200.000000
25,26,-186368891316854688.000000
26,26,370438776148291328.000000
843,26,-321685773014673216.000000
844,26,-318380956289280.500000
845,26,321627414873577792.000000
951,26,337320712976770816.000000
952,26,-335699240095657088.000000
953,26,2245631519035721.500000
1770,26,192816581763937472.000000
1771,26,-388698247837375552.000000
1772,26,192014561673288672.000000
1875,26,8.866505
1876,26,-4.407536
1877,26,-32095.119196
1878,26,-10.751712
1879,26,6.523767
1880,26,32792.107275
2412,26,1.654184
2414,26,-2.347253
2493,26,6.126000
2494,26,-55.263798
2495,26,-16473.495068
2496,26,-4.770812
2497,26,56.218842
2498,26,16478.115530
3030,26,-3.665418
3032,26,-3.265275
1875,27,-32095.119196
1876,27,50.063622
1877,27,0.872019
1881,27,96285.357588
1882,27,-150.190865
1883,27,-2.616057
1884,27,-32095.119196
1885,27,50.063622
1886,27,0.872019
1890,27,-32095.119196
1891,27,50.063622
1892,27,0.872019
2493,27,-16473.495068
2494,27,23.814861
2495,27,-10.741619
2499,27,49420.485203
2500,27,-71.444582
2501,27,32.224856
2502,27,-16473.495068
2503,27,23.814861
2504,27,-10.741619
2508,27,-16473.495068
2509,27,23.814861
2510,27,-10.741619
1875,28,-4.407536
1876,28,-32062.353575
1877,28,50.063622
1881,28,13.222609
1882,28,96187.060726
1883,28,-150.190865
1884,28,-4.407536
1885,28,-32062.353575
1886,28,50.063622
1890,28,-4.407536
1891,28,-32062.353575
1892,28,50.063622
2493,28,-55.263798
2494,28,-16497.746417
2495,28,23.814861
2499,28,165.791395
2500,28,49493.239252
2501,28,-71.444582
2502,28,-55.263798
2503,28,-16497.746417
2504,28,23.814861
2508,28,-55.263798
2509,28,-16497.746417
2510,28,23.814861
1875,29,8.866505
1876,29,-4.407536
1877,29,-32095.119196
1881,29,-26.599516
1882,29,13.222609
1883,29,96285.357588
1884,29,8.866505
1885,29,-4.407536
1886,29,-32095.119196
1890,29,8.866505
1891,29,-4.407536
1892,29,-32095.119196
2493,29,6.126000
2494,29,-55.263798
2495,29,-16473.495068
2499,29,-18.377999
2500,29,165.791395
2501,29,49420.485203
2502,29,6.126000
2503,29,-55.263798
2504,29,-16473.495068
2508,29,6.126000
2509,29,-55.263798
2510,29,-16473.495068
30,30,5543407986981534.000000
31,30,-1535407745621727.000000
32,30,-3964477719053938.000000
924,30,5496779510494904.000000
925,30,-4103582707308243.000000
926,30,-1436719325497817.000000
957,30,-1494541728270186.000000
958,30,5781778266500382.000000
959,30,-4334588874496391.000000
1851,30,1666197106235656.000000
1852,30,4191493617235238.000000
1853,30,-5810338387204698.000000
1881,30,-32095.119196
1882,30,50.063622
1883,30,0.872019
1884,30,64191.063474
1885,30,-103.493685
1886,30,-619.863299
1887,30,-32095.119196
1888,30,50.063622
1889,30,0.872019
2469,30,-4.191524
2470,30,2.953900
2499,30,-16473.495068
2500,30,23.814861
2501,30,-10.741619
2502,30,32955.240960
2503,30,-45.209744
2504,30,1100.348028
2505,30,-16473.495068
2506,30,23.814861
2507,30,-10.741619
3087,30,-5.830848
3088,30,-6.545390
30,31,-1535407745621727.000000
31,31,5561430494504963.000000
32,31,-4065262391024690.500000
924,31,1485541706382058.000000
925,31,4081356728548094.000000
926,31,-5527658792788662.000000
957,31,-5805364795455430.000000
958,31,1505600886232779.500000
959,31,4262551250644986.000000
1851,31,-5828389631064340.000000
1852,31,4236657003830523.500000
1853,31,1628945285811480.000000
1881,31,-4.407536
1882,31,-32062.353575
1883,31,50.063622
1884,31,12.594056
1885,31,64125.532233
1886,31,-725.391928
1887,31,-4.407536
1888,31,-32062.353575
1889,31,50.063622
2470,31,-4.191524
2471,31,2.953900
2499,31,-55.263798
2500,31,-16497.746417
2501,31,23.814861
2502,31,112.233032
2503,31,33003.743660
2504,31,-1122.369099
2505,31,-55.263798
2506,31,-16497.746417
2507,31,23.814861
3088,31,-5.830848
3089,31,-6.545390
30,32,-3964477719053938.000000
31,32,-4065262391024690.500000
32,32,8040538911914903.000000
924,32,-6970289943629917.000000
925,32,-32052436109455.535156
926,32,6991543577908324.000000
957,32,7333211103465619.000000
958,32,-7272636033119813.000000
959,32,23162542676548.410156
1851,32,4207022256064517.000000
1852,32,-8435476831447467.000000
1853,32,4144716962360597.500000
1881,32,8.866505
1882,32,-4.407536
1883,32,-32095.119196
1884,32,-21.099452
1885,32,12.594056
1886,32,65434.859962
1887,32,8.866505
1888,32,-4.407536
1889,32,-32095.119196
2469,32,2.953900
2471,32,-4.191524
2499,32,6.126000
2500,32,-55.263798
2501,32,-16473.495068
2502,32,-9.832022
2503,32,112.233032
2504,32,32955.240960
2505,32,6.126000
2506,32,-55.263798
2507,32,-16473.495068
3087,32,-6.545390
3089,32,-5.830848
33,33,115851395850911632.000000
34,33,-76127288544408032.000000
35,33,-38637066798590824.000000
807,33,89182877967732928.000000
808,33,-111013408061753648.000000
809,33,20743489586009640.000000
960,33,22083070294088368.000000
961,33,94286123757814768.000000
962,33,-116900509336131408.000000
1734,33,80860055015871184.000000
1735,33,41323767493956176.000000
1736,33,-121652507225599072.000000
1884,33,-32095.119196
1885,33,50.063622
1886,33,0.872019
1887,33,32095.581242
1888,33,-51.948829
1889,33,-347.018805
2376,33,-2.347253
2377,33,1.654184
2502,33,-16473.495068
2503,33,23.814861
2504,33,-10.741619
2505,33,16478.115530
2506,33,-22.459673
2507,33,614.905901
2994,33,-3.265275
2995,33,-3.665418
33,34,-76127288544408032.000000
34,34,115570746733126176.000000
35,34,-40562780026293440.000000
807,34,-20165091337392288.000000
808,34,110566312657280000.000000
809,34,-89281899482266080.000000
960,34,-93947240636537328.000000
961,34,-22254287243912496.000000
962,34,115902511840865616.000000
1734,34,-121646645752359296.000000
1735,34,41790936160537712.000000
1736,34,80154725631405776.000000
1884,34,-4.407536
1885,34,-32062.353575
1886,34,50.063622
1887,34,6.523767
1888,34,32062.815621
1889,34,-400.211845
2377,34,-2.347253
2378,34,1.654184
2502,34,-55.263798
2503,34,-16497.746417
2504,34,23.814861
2505,34,56.218842
2506,34,16502.366879
2507,34,-625.668912
2995,34,-3.265275
2996,34,-3.665418
33,35,-38637066798590824.000000
34,35,-40562780026293440.000000
35,35,79295598877230240.000000
807,35,-68468813337395384.000000
808,35,-851619446165098.750000
809,35,69224680731265664.000000
960,35,72606575754640272.000000
961,35,-71440348088490400.000000
962,35,-339848382045757.187500
1734,35,41983110786484064.000000
1735,35,-83195610961378032.000000
1736,35,40386120890789880.000000
1884,35,8.866505
1885,35,-4.407536
1886,35,-32095.119196
1887,35,-10.751712
1888,35,6.523767
1889,35,32792.107275
2376,35,1.654184
2378,35,-2.347253
2502,35,6.126000
2503,35,-55.263798
2504,35,-16473.495068
2505,35,-4.770812
2506,35,56.218842
2507,35,16478.115530
2994,35,-3.665418
2996,35,-3.265275
1881,36,-32095.119196
1882,36,50.063622
1883,36,0.872019
1890,36,96285.357588
1891,36,-150.190865
1892,36,-2.616057
1893,36,-32095.119196
1894,36,50.063622
1895,36,0.872019
1896,36,-32095.119196
1897,36,50.063622
1898,36,0.872019
2499,36,-16473.495068
2500,36,23.814861
2501,36,-10.741619
2508,36,49420.485203
2509,36,-71.444582
2510,36,32.224856
2511,36,-16473.495068
2512,36,23.814861
2513,36,-10.741619
2514,36,-16473.495068
2515,36,23.814861
2516,36,-10.741619
1881,37,-4.407536
1882,37,-32062.353575
1883,37,50.063622
1890,37,13.222609
1891,37,96187.060726
1892,37,-150.190865
1893,37,-4.407536
1894,37,-32062.353575
1895,37,50.063622
1896,37,-4.407536
1897,37,-32062.353575
1898,37,50.063622
2499,37,-55.263798
2500,37,-16497.746417
2501,37,23.814861
2508,37,165.791395
2509,37,49493.239252
2510,37,-71.444582
2511,37,-55.263798
2512,37,-16497.746417
2513,37,23.814861
2514,37,-55.263798
2515,37,-16497.746417
2516,37,23.814861
1881,38,8.866505
1882,38,-4.407536
1883,38,-32095.119196
1890,38,-26.599516
1891,38,13.222609
1892,38,96285.357588
1893,38,8.866505
1894,38,-4.407536
1895,38,-32095.119196
1896,38,8.866505
1897,38,-4.407536
1898,38,-32095.119196
2499,38,6.126000
2500,38,-55.263798
2501,38,-16473.495068
2508,38,-18.377999
2509,38,165.791395
2510,38,49420.485203
2511,38,6.126000
2512,38,-55.263798
2513,38,-16473.495068
2514,38,6.126000
2515,38,-55.263798
2516,38,-16473.495068
39,39,166287299739298528.000000
40,39,-161110604014100416.000000
41,39,-3287422436312799.000000
780,39,97605306364134608.000000
781,39,-189105143922779776.000000
782,39,89610564269633232.000000
966,39,94538323354201248.000000
967,39,103929209449293344.000000
968,39,-198715240224124064.000000
1707,39,170257554269073664.000000
1708,39,4770884138940594.000000
1709,39,-174780730987384800.000000
1890,39,-32095.119196
1891,39,50.063622
1892,39,0.872019
1893,39,32095.581242
1894,39,-51.948829
1895,39,-347.018805
2349,39,-2.347253
2350,39,1.654184
2508,39,-16473.495068
2509,39,23.814861
2510,39,-10.741619
2511,39,16478.115530
2512,39,-22.459673
2513,39,614.905901
2967,39,-3.265275
2968,39,-3.665418
39,40,-161110604014100416.000000
40,40,165087623921118880.000000
41,40,-5844226030174788.000000
780,40,-89312221415438864.000000
781,40,188369015396492224.000000
782,40,-97189587857776800.000000
966,40,-102475271807173120.000000
967,40,-95266169430065984.000000
968,40,197891468772329888.000000
1707,40,-174351651686716192.000000
1708,40,4819683590520656.000000
1709,40,169381940561104736.000000
1890,40,-4.407536
1891,40,-32062.353575
1892,40,50.063622
1893,40,6.523767
1894,40,32062.815621
1895,40,-400.211845
2350,40,-2.347253
2351,40,1.654184
2508,40,-55.263798
2509,40,-16497.746417
2510,40,23.814861
2511,40,56.218842
2512,40,16502.366879
2513,40,-625.668912
2968,40,-3.265275
2969,40,-3.665418
39,41,-3287422436312799.000000
40,41,-5844226030174788.000000
41,41,9159935035128670.000000
780,41,-7233934613855862.000000
781,41,-1447496928408565.000000
782,41,8653144973628370.000000
966,41,9080828175125234.000000
967,41,-7531308932255589.000000
968,41,-1455699583621367.500000
1707,41,6075142811609994.000000
1708,41,-9599296378075190.000000
1709,41,3430333907216917.500000
1890,41,8.866505
1891,41,-4.407536
1892,41,-32095.119196
1893,41,-10.751712
1894,41,6.523767
1895,41,32792.107275
2349,41,1.654184
2351,41,-2.347253
2508,41,6.126000
2509,41,-55.263798
2510,41,-16473.495068
2511,41,-4.770812
2512,41,56.218842
2513,41,16478.115530
2967,41,-3.665418
2969,41,-3.265275
1890,42,-32095.119196
1891,42,50.063622
1892,42,0.872019
1896,42,96285.357588
1897,42,-150.190865
1898,42,-2.616057
1899,42,-32095.119196
1900,42,50.063622
1901,42,0.872019
1905,42,-32095.119196
1906,42,50.063622
1907,42,0.872019
2508,42,-16473.495068
2509,42,23.814861
2510,42,-10.741619
2514,42,49420.485203
2515,42,-71.444582
2516,42,32.224856
2517,42,-16473.495068
2518,42,23.814861
2519,42,-10.741619
2523,42,-16473.495068
2524,42,23.814861
2525,42,-10.741619
1890,43,-4.407536
1891,43,-32062.353575
1892,43,50.063622
1896,43,13.222609
1897,43,96187.060726
1898,43,-150.190865
1899,43,-4.407536
1900,43,-32062.353575
1901,43,50.063622
1905,43,-4.407536
1906,43,-32062.353575
1907,43,50.063622
2508,43,-55.263798
2509,43,-16497.746417
2510,43,23.814861
2514,43,165.791395
2515,43,49493.239252
2516,43,-71.444582
2517,43,-55.263798
2518,43,-16497.746417
2519,43,23.814861
2523,43,-55.263798
2524,43,-16497.746417
2525,43,23.814861
1890,44,8.866505
1891,44,-4.407536
1892,44,-32095.119196
1896,44,-26.599516
1897,44,13.222609
1898,44,96285.357588
1899,44,8.866505
1900,44,-4.407536
1901,44,-32095.119196
1905,44,8.866505
1906,44,-4.407536
1907,44,-32095.119196
2508,44,6.126000
2509,44,-55.263798
2510,44,-16473.495068
2514,44,-18.377999
2515,44,165.791395
2516,44,49420.485203
2517,44,6.126000
2518,44,-55.263798
2519,44,-16473.495068
2523,44,6.126000
2524,44,-55.263798
2525,44,-16473.495068
45,45,4365125684226396.500000
46,45,-3422086516853711.500000
47,45,-888780129309702.125000
771,45,3023282986471505.500000
772,45,-4504101311957358.000000
773,45,1426559287419327.000000
972,45,1510163273430162.250000
973,45,3204789831827815.000000
974,45,-4731625770587631.000000
1698,45,3626165727719841.500000
1699,45,968198153529631.250000
1700,45,-4577691215919821.000000
1896,45,-32095.119196
1897,45,50.063622
1898,45,0.872019
1899,45,64190.700438
1900,45,-102.012450
1901,45,-347.890824
1902,45,-32095.119196
1903,45,50.063622
1904,45,0.872019
2340,45,-2.347253
2341,45,1.654184
2514,45,-16473.495068
2515,45,23.814861
2516,45,-10.741619
2517,45,32951.610597
2518,45,-46.274534
2519,45,625.647520
2520,45,-16473.495068
2521,45,23.814861
2522,45,-10.741619
2958,45,-3.265275
2959,45,-3.665418
45,46,-3422086516853711.500000
46,46,4346247316897951.000000
47,46,-959151437165569.375000
771,46,-1411580453889722.500000
772,46,4475419524304354.000000
773,46,-3028848433290976.000000
972,46,-3181682332044077.500000
973,46,-1522276724216114.250000
974,46,4700104654573345.000000
1698,46,-4575852761935282.000000
1699,46,973788752547017.000000
1700,46,3605918411075111.500000
1896,46,-4.407536
1897,46,-32062.353575
1898,46,50.063622
1899,46,10.931303
1900,46,64125.169197
1901,46,-450.275467
1902,46,-4.407536
1903,46,-32062.353575
1904,46,50.063622
2341,46,-2.347253
2342,46,1.654184
2514,46,-55.263798
2515,46,-16497.746417
2516,46,23.814861
2517,46,111.482640
2518,46,33000.113297
2519,46,-649.483773
2520,46,-55.263798
2521,46,-16497.746417
2522,46,23.814861
2959,46,-3.265275
2960,46,-3.665418
45,47,-888780129309702.125000
46,47,-959151437165569.375000
47,47,1854270608133943.250000
771,47,-1593945469940115.000000
772,47,-35496046402313.468750
773,47,1623102474684941.750000
972,47,1703517538116273.250000
973,47,-1661205094342245.750000
974,47,-23222757766366.621094
1698,47,994426501825023.875000
1699,47,-1943520548560792.250000
1700,47,930004360728108.125000
1896,47,8.866505
1897,47,-4.407536
1898,47,-32095.119196
1899,47,-19.618218
1900,47,10.931303
1901,47,64887.226471
1902,47,8.866505
1903,47,-4.407536
1904,47,-32095.119196
2340,47,1.654184
2342,47,-2.347253
2514,47,6.126000
2515,47,-55.263798
2516,47,-16473.495068
2517,47,-10.896812
2518,47,111.482640
2519,47,32951.610597
2520,47,6.126000
2521,47,-55.263798
2522,47,-16473.495068
2958,47,-3.665418
2960,47,-3.265275
48,48,1519851887197144.000000
