0,0,90001.800027
804,0,-18156.901042
1,1,90001.800027
805,1,-18156.901042
2,2,90001.800027
806,2,-18156.901042
3,3,4805406452152.412109
4,3,85054595548.884598
5,3,756176802252.353271
11,3,-7994835515121.633789
12,3,-141506760700.219238
13,3,-1258064060701.766357
14,3,4082469201020.596680
15,3,72258771527.144257
16,3,642415690684.662231
235,3,-893040137034.202271
236,3,-15806606287.382717
237,3,-140528432213.190674
256,3,-1714475722972.990234
257,3,-1982181261455.373535
258,3,820528165332.443604
264,3,2852402088615.137695
265,3,3297788294154.486328
266,3,-1365126505437.950684
267,3,-1456545747511.368164
268,3,-1683977001633.846924
269,3,697085875263.211670
488,3,318619381938.348389
489,3,368369968811.695557
490,3,-152487535103.793396
509,3,-33.708032
510,3,44.038903
512,3,19.261733
513,3,-25.165087
646,3,-38.672095
647,3,14.446299
648,3,-18.873816
667,3,70.072722
668,3,7.162701
670,3,-40.041556
671,3,-4.092972
804,3,-80.187883
805,3,-30.031167
806,3,-3.069729
3,4,85054595548.884598
4,4,1505421141627.436279
5,4,-97168379928.360275
6,4,-1306009686014.109375
11,4,-141506760887.721558
12,4,-331764190965.897156
13,4,161660667476.642334
14,4,72258771527.144608
15,4,169411501789.107208
16,4,-82550128076.891769
235,4,-15806606211.660809
236,4,-37058766009.022812
237,4,18057840522.735851
256,4,562486281438.858765
257,4,-765139719254.393188
258,4,68367981677.683235
259,4,811157578236.087524
264,4,-935817884156.610229
265,4,-76560685683.635544
266,4,-113744960697.792999
267,4,477864451464.726318
268,4,39094818222.228409
269,4,58082533132.303604
488,4,-104532848760.456512
489,4,-8551991508.246219
490,4,-12705554110.753330
509,4,168.302996
510,4,-30.673470
512,4,-57.658942
513,4,17.527697
646,4,-33.230903
647,4,-43.244207
648,4,13.145773
667,4,262.217238
668,4,48.710923
670,4,-110.793972
671,4,-27.834813
804,4,2.504721
805,4,-83.095479
806,4,-20.876110
3,5,756176802252.353271
4,5,-97168379928.360275
5,5,180747571903.551483
11,5,-1258064060431.523193
12,5,161660667501.143799
13,5,-300712774506.780945
14,5,642415690684.661621
15,5,-82550128076.891769
16,5,153555459335.011871
235,5,-140528432322.327209
236,5,18057840512.841000
237,5,-33590256724.812004
256,5,-600951928630.609131
257,5,-357219739165.065430
258,5,99039651558.084518
264,5,999813828209.247437
265,5,594312486419.997803
266,5,-164773933569.626251
267,5,-510543231413.123901
268,5,-303478716511.147217
269,5,84139880983.496506
488,5,111681331853.577988
489,5,66385969228.910812
490,5,-18405598963.742966
509,5,57.521631
510,5,128.248003
511,5,-47.179822
512,5,-32.869504
513,5,-46.324675
646,5,12.095371
647,5,-24.652128
648,5,-34.743506
667,5,2.208543
668,5,228.402375
669,5,-47.829379
670,5,-1.262025
671,5,-103.184569
804,5,-14.810339
805,5,-0.946518
806,5,-77.388427
4,6,-1306009686014.109375
6,6,1306009685597.437012
257,6,811157577807.092041
259,6,-811157577807.092041
509,6,-67.399848
667,6,-68.327787
7,7,628642665406.634399
8,7,-249977662219.440155
9,7,-870929106483.655273
10,7,492264104137.818604
260,7,-390447534459.500854
261,7,155260161766.252930
262,7,540930708836.684204
263,7,-305743336143.436279
510,7,-47.179822
511,7,142.446801
668,7,-47.829379
669,7,144.407963
7,8,-249977662219.440155
8,8,249977662115.272156
260,8,155260161659.004150
261,8,-155260161659.004150
511,8,-58.974778
669,8,-59.786724
7,9,-870929106483.655273
9,9,2163121727403.138916
10,9,-1292192622510.850586
260,9,540930708077.692017
262,9,-1343506560886.448730
263,9,802575852808.756714
511,9,-36.292201
669,9,-36.791860
7,10,492264104137.818604
9,10,-1292192622510.850586
10,10,799928519227.209595
260,10,-305743336143.436035
262,10,802575853688.196533
263,10,-496832517544.760376
3,11,-7994835515121.633789
4,11,-141506760887.721558
5,11,-1258064060431.523193
11,11,17690699857964.429688
12,11,313121342864.462158
13,11,2783801324976.185059
14,11,-10206172998614.046875
15,11,-180646928908.260132
16,11,-1606039226002.631836
235,11,510308650127.574585
236,11,9032346440.893032
237,11,80301961335.582779
256,11,2852402087682.625000
257,11,3297788293628.643066
258,11,-1365126505255.916504
264,11,-6311698236521.307617
265,11,-7297233670136.600586
266,11,3020705458078.156738
267,11,3641364366894.058594
268,11,4209942502394.854492
269,11,-1742714687529.262451
488,11,-182068218438.921021
489,11,-210497125204.230865
490,11,87135734407.901459
509,11,19.261733
510,11,-25.165087
512,11,-48.154331
513,11,62.912718
514,11,-77.344189
515,11,28.892599
516,11,-37.747631
667,11,-40.041556
668,11,-4.092972
670,11,100.103889
671,11,10.232430
672,11,-160.375765
673,11,-60.062333
674,11,-6.139458
3,12,-141506760700.219238
4,12,-331764190965.897156
5,12,161660667501.143799
11,12,313121342864.462158
12,12,734116507612.904663
13,12,-357717221684.975708
14,12,-180646928475.563538
15,12,-423528754430.800049
16,12,206375320226.033875
235,12,9032346440.893076
236,12,21176437723.638401
237,12,-10318766009.611471
256,12,-935817884140.304443
257,12,-76560685758.640808
258,12,-113744960670.648270
264,12,2070745956458.387695
265,12,169410879096.104004
266,12,251690976783.659180
267,12,-1194661128676.373535
268,12,-97737045682.049744
269,12,-145206332762.541321
488,12,59733056433.090790
489,12,4886852277.778551
490,12,7260316641.537951
509,12,-57.658942
510,12,17.527697
512,12,144.147355
513,12,-43.819243
514,12,-66.461806
515,12,-86.488413
516,12,26.291546
667,12,-110.793972
668,12,-27.834813
670,12,276.984930
671,12,69.587032
672,12,5.009442
673,12,-166.190958
674,12,-41.752219
3,13,-1258064060701.766357
4,13,161660667476.642334
5,13,-300712774506.780945
11,13,2783801324976.185059
12,13,-357717221684.975708
13,13,665406990361.777954
14,13,-1606039226626.268555
15,13,206375320169.491913
16,13,-383888648310.547729
235,13,80301961335.582703
236,13,-10318766009.611471
237,13,19194432416.876484
256,13,999813828132.544189
257,13,594312486446.229736
258,13,-164773933579.941895
264,13,-2212354002741.542969
265,13,-1315074437963.552979
266,13,364606150862.201416
267,13,1276358078429.708008
268,13,758696791232.710327
269,13,-210349702450.759033
488,13,-63817903926.640488
489,13,-37934839563.893402
490,13,10517485122.937063
509,13,-32.869504
510,13,-46.324675
512,13,82.173759
513,13,115.811687
514,13,24.190742
515,13,-49.304255
516,13,-69.487012
667,13,-1.262025
668,13,-103.184569
670,13,3.155061
671,13,257.961422
672,13,-29.620678
673,13,-1.893037
674,13,-154.776853
3,14,4082469201020.596680
4,14,72258771527.144608
5,14,642415690684.661621
11,14,-10206172998614.046875
12,14,-180646928475.563538
13,14,-1606039226626.268555
14,14,6321217479704.682617
15,14,108388157290.716522
16,14,963623536026.993164
17,14,-51552601562136.539062
18,14,51678075858180.546875
256,14,-1456545747511.367432
257,14,-1683977001633.846436
258,14,697085875263.211060
264,14,3641364369046.009766
265,14,4209942503608.337891
266,14,-1742714687949.339600
267,14,-2307493604860.630859
268,14,-2525965502450.770020
269,14,1045628812894.817627
270,14,-13095805454937.023438
271,14,13218480438530.603516
512,14,28.892599
513,14,-37.747631
514,14,181.329068
515,14,-48.154331
516,14,62.912718
518,14,-51.562793
519,14,19.261733
520,14,-25.165087
670,14,-60.062333
671,14,-6.139458
672,14,320.436759
673,14,100.103889
674,14,10.232430
676,14,-106.917177
677,14,-40.041556
678,14,-4.092972
3,15,72258771527.144257
4,15,169411501789.107208
5,15,-82550128076.891769
11,15,-180646928908.260132
12,15,-423528754430.800049
13,15,206375320169.491913
14,15,108388157290.716522
15,15,1044171965378.812256
16,15,-123825192115.337723
21,15,-790054712278.479370
256,15,477864451464.726440
257,15,39094818222.228561
258,15,58082533132.303535
264,15,-1194661128714.002441
265,15,-97737045508.961136
266,15,-145206332825.182800
267,15,716796677197.089600
268,15,-432057707040.974243
269,15,87123799698.455353
274,15,490699934374.317017
512,15,-86.488413
513,15,26.291546
514,15,110.769677
515,15,196.569441
516,15,-43.819243
518,15,-44.307871
519,15,-57.658942
520,15,17.527697
670,15,-166.190958
671,15,-41.752219
672,15,-8.349070
673,15,330.128747
674,15,69.587032
676,15,3.339628
677,15,-110.793972
678,15,-27.834813
3,16,642415690684.662231
4,16,-82550128076.891769
5,16,153555459335.011871
11,16,-1606039226002.631836
12,16,206375320226.033875
13,16,-383888648310.547729
14,16,963623536026.993164
15,16,-123825192115.337723
16,16,230333189002.517975
256,16,-510543231413.124146
257,16,-303478716511.147522
258,16,84139880983.496506
264,16,1276358078606.716064
265,16,758696791172.175537
266,16,-210349702426.953644
267,16,-765814847119.686401
268,16,-455218074766.721252
269,16,126209821475.244873
512,16,-49.304255
513,16,-69.487012
514,16,-40.317904
515,16,82.173759
516,16,115.811687
518,16,16.127162
519,16,-32.869504
520,16,-46.324675
670,16,-1.893037
671,16,-154.776853
672,16,49.367797
673,16,3.155061
674,16,257.961422
676,16,-19.747119
677,16,-1.262025
678,16,-103.184569
14,17,-51552601562136.539062
17,17,16703755019349508.000000
18,17,-16756933250637634.000000
267,17,52996596737608.750000
270,17,-39778116299078.148438
271,17,-13218480438530.603516
514,17,-52.422086
672,17,-53.143817
675,17,-17179.064941
14,18,51678075858180.546875
17,18,-16756933250637634.000000
18,18,16810319672768140.000000
267,18,-53206462142513.125000
270,18,53206462142513.125000
517,18,27.579399
521,18,-27.579399
675,18,17315.068478
679,18,-27.959103
19,19,631968527297.353149
25,19,-631968527708.833252
272,19,-390060006946.753906
278,19,390060006946.753906
521,19,-46.884948
679,19,-47.530445
20,20,157992131824.338287
25,20,-157992131927.208313
273,20,-97515001736.688477
278,20,97515001736.688477
521,20,-46.884948
679,20,-47.530445
15,21,-790054712278.479370
21,21,790054711861.807373
268,21,490699933945.321777
274,21,-490699933945.321777
515,21,-52.422086
673,21,-53.143817
22,22,382731487595.680908
23,22,6774259830.669783
24,22,60226471001.687073
100,22,-1148194462196.425781
101,22,-20322779440.664726
102,22,-180679412992.253296
103,22,765462975191.361816
104,22,13548519661.339565
105,22,120452942003.374146
275,22,-136551163829.190735
276,22,-157872843903.173126
277,22,65351800805.926102
353,22,409653491527.710815
354,22,473618531638.077576
355,22,-196055402386.474915
356,22,-273102327658.381470
357,22,-315745687806.346252
358,22,130703601611.852203
514,22,-51.562793
515,22,19.261733
516,22,-25.165087
518,22,111.201782
519,22,-40.081742
520,22,60.150861
523,22,-20.966895
524,22,6.373710
525,22,-16.111958
563,22,14.446299
564,22,-18.873816
672,22,-106.917177
673,22,-40.041556
674,22,-4.092972
676,22,227.393789
677,22,80.194476
678,22,5.948291
681,22,-40.288730
682,22,-10.121753
683,22,1.214411
721,22,-30.031167
722,22,-3.069729
22,23,6774259830.669783
23,23,15882328292.728804
24,23,-7739074507.208608
100,23,-20322779505.569252
101,23,-47646984871.891220
102,23,23217223518.215187
103,23,13548519661.339565
104,23,31764656585.457607
105,23,-15478149014.417215
275,23,44799792324.818100
276,23,3665139208.333924
277,23,5445237481.153460
353,23,-134399376982.282272
354,23,-10995417618.010242
355,23,-16335712442.623962
356,23,89599584649.636200
357,23,7330278416.667849
358,23,10890474962.306919
514,23,-44.307871
515,23,-57.658942
516,23,17.527697
518,23,89.491324
519,23,117.748490
520,23,-36.537894
523,23,-11.952551
524,23,-16.845342
525,23,5.864424
563,23,-43.244207
564,23,13.145773
672,23,3.339628
673,23,-110.793972
674,23,-27.834813
676,23,-5.385431
677,23,231.411124
678,23,55.891695
681,23,-0.458918
682,23,-37.521673
683,23,-7.180773
721,23,-83.095479
722,23,-20.876110
24,24,458800557332.404907
22,24,60226471001.687073
23,24,-7739074507.208608
26,24,666607099529.621582
63,24,-1111011832375.755615
100,24,-180679412898.707642
101,24,23217223526.696487
102,24,-43187472933.924812
103,24,120452942003.374146
104,24,-15478149014.417215
105,24,28791648625.314747
275,24,-47863427944.980400
276,24,-28451129672.920078
277,24,-268129951520.024475
279,24,-414027098043.340881
316,24,690045163405.568115
353,24,143590283846.027039
354,24,85353389002.906265
355,24,-23664341521.840252
356,24,-95726855889.960800
357,24,-56902259345.840157
358,24,15776227684.405609
514,24,16.127162
515,24,-32.869504
516,24,-46.324675
518,24,-35.226801
519,24,66.672575
520,24,178.451331
523,24,7.004269
524,24,-9.150944
525,24,-18.750112
563,24,-24.652128
564,24,-34.743506
672,24,-19.747119
673,24,-1.262025
674,24,-103.184569
676,24,49.118028
677,24,3.696897
678,24,299.167613
681,24,-14.560570
682,24,-1.488354
683,24,-38.878986
721,24,-0.946518
722,24,-77.388427
19,25,-631968527708.833252
25,25,789960660150.391602
20,25,-157992131927.208313
272,25,390060007367.755737
273,25,97515001841.938934
278,25,-487575009209.694702
517,25,-27.579399
521,25,121.349295
675,25,-27.959103
679,25,123.019994
26,26,1397516943197.468750
24,26,666607099529.621582
27,26,-71104857294.563553
28,26,-326501436087.632263
63,26,-1666517748563.634033
277,26,-414027098043.341064
279,26,-867992382419.469360
280,26,44162952639.351883
281,26,202788782715.105774
316,26,1035067745108.352661
522,26,183.102666
680,26,185.623565
26,27,-71104857294.563553
27,27,71104857190.395538
279,27,44162952532.103096
280,27,-44162952532.103096
522,27,-31.453237
680,27,-31.886275
26,28,-326501436087.632263
28,28,326501435670.960144
279,28,202788782286.110535
281,28,-202788782286.110535
522,28,-33.699873
680,28,-34.163842
29,29,562602092510.357178
30,29,18392388006.460606
31,29,66631182979.125160
32,29,-283051729681.977295
33,29,123066026034.454620
64,29,-1244134032123.048340
65,29,-43104793470.585663
66,29,-166577887071.321472
67,29,213519190853.726471
68,29,15611119692.114552
72,29,627998453812.100586
73,29,9101285847.099468
74,29,99946704106.180969
282,29,-234075525782.449371
283,29,-126893861540.724747
284,29,71122315271.521988
285,29,175802337566.260742
286,29,-76435834035.858978
317,29,433028889404.087524
318,29,468353297648.506714
319,29,-177805713040.247742
320,29,-68228798260.193962
321,29,-81591067387.008820
325,29,-230091068818.973511
326,29,-259868368827.061951
327,29,106683397802.142105
518,29,-20.966895
519,29,6.373710
520,29,-16.111958
523,29,162.865425
524,29,-37.923575
525,29,80.551913
526,29,-57.658942
527,29,17.527697
528,29,-44.307871
547,29,14.022168
548,29,-20.132084
676,29,-40.288730
677,29,-10.121753
678,29,1.214411
681,29,281.459794
682,29,60.224432
683,29,-1.279659
684,29,-110.793972
685,29,-27.834813
686,29,3.339628
705,29,-22.267866
706,29,-3.274380
29,30,18392388006.460606
30,30,9781185243.285898
31,30,-3873740522.388546
64,30,-58075948140.235550
65,30,-35583394899.874344
66,30,9684347213.120514
67,30,9516215912.319654
68,30,6368301548.738043
72,30,30167344241.885700
73,30,19433908117.291027
74,30,-5810606692.914136
282,30,29663975056.741806
283,30,-1169043066.174770
284,30,6862182584.032517
317,30,-91314911201.766891
318,30,6313880389.820412
319,30,-17155449211.792028
320,30,15798804374.664463
321,30,-446328152.875803
325,30,45852131764.698273
326,30,-4698509166.934249
327,30,10293266629.586285
518,30,-11.952551
519,30,-16.845342
520,30,5.864424
523,30,71.117676
524,30,109.297203
525,30,-37.400983
526,30,-32.869504
527,30,-46.324675
528,30,16.127162
547,30,-46.127186
548,30,15.409397
676,30,-0.458918
677,30,-37.521673
678,30,-7.180773
681,30,2.730563
682,30,229.341482
683,30,58.961159
684,30,-1.262025
685,30,-103.184569
686,30,-19.747119
705,30,-88.635240
706,30,-32.033267
29,31,66631182979.125160
30,31,-3873740522.388546
31,31,16379272057.734169
64,31,-204938208562.647278
65,31,18873566634.300690
66,31,-40948162843.332642
67,31,35520442930.622437
68,31,-1791796313.382803
72,31,102786582871.277100
73,31,-13208029790.752678
74,31,24568890790.095482
282,31,-50005783397.354553
283,31,-24580821734.877117
284,31,8974933274.937187
317,31,157619262951.235779
318,31,89178841106.455627
319,31,-22437323704.518517
320,31,-25926505001.153111
321,31,-16041390570.253752
325,31,-81686974533.711517
326,31,-48556628825.639343
327,31,13462390434.879280
518,31,7.004269
519,31,-9.150944
520,31,-18.750112
523,31,-39.167740
524,31,69.762353
525,31,111.563168
526,31,19.261733
527,31,-25.165087
528,31,-51.562793
547,31,-35.446321
548,31,-41.250263
676,31,-14.560570
677,31,-1.488354
678,31,-38.878986
681,31,70.399832
682,31,2.909622
683,31,231.329964
684,31,-40.041556
685,31,-4.092972
686,31,-106.917177
705,31,2.671704
706,31,-85.533802
29,32,-283051729681.977295
32,32,595450256649.763916
33,32,-312398527287.502197
282,32,175802337319.588654
285,32,-369831857512.323547
286,32,194029520192.734894
523,32,-47.179822
681,32,-47.829379
29,33,123066026034.454620
32,33,-312398527287.502197
33,33,189332501333.176910
282,33,-76435834035.859039
285,33,194029520275.234070
286,33,-117593686239.375031
523,34,-57.658942
524,34,17.527697
525,34,-44.307871
526,34,126.849672
527,34,-38.560934
528,34,97.477315
529,34,-69.190730
530,34,21.033237
531,34,-53.169445
681,34,-110.793972
682,34,-27.834813
683,34,3.339628
684,34,243.746738
685,34,61.236588
686,34,-7.347182
687,34,-132.952766
688,34,-33.401775
689,34,4.007554
35,35,36277973874.622902
37,35,-36277973770.454872
288,35,-22532109629.196682
290,35,22532109629.196682
523,35,-32.869504
524,35,-46.324675
525,35,16.127162
526,35,72.312908
527,35,124.380878
528,35,-35.479756
529,35,-39.443404
530,35,-55.589610
531,35,19.352594
681,35,-1.262025
682,35,-103.184569
683,35,-19.747119
684,35,2.776454
685,35,249.781958
686,35,43.443662
687,35,-1.514429
688,35,-123.821483
689,35,-23.696543
523,36,19.261733
524,36,-25.165087
525,36,-51.562793
526,36,-42.375812
527,36,55.363192
528,36,113.438144
529,36,23.114079
530,36,-30.198105
531,36,-61.875351
681,36,-40.041556
682,36,-4.092972
683,36,-106.917177
684,36,88.091422
685,36,9.004539
686,36,235.217789
687,36,-48.049867
688,36,-4.911567
689,36,-128.300612
35,37,-36277973770.454872
37,37,36277973666.286842
288,37,22532109521.947876
290,37,-22532109521.947876
527,37,-22.466593
685,37,-22.775906
526,38,-69.190730
527,38,21.033237
528,38,-53.169445
529,38,132.091455
530,38,-40.154379
531,38,101.505350
532,38,-62.900724
533,38,19.121143
534,38,-48.335905
684,38,-132.952766
685,38,-33.401775
686,38,4.007554
687,38,253.819034
688,38,63.767055
689,38,-7.650788
690,38,-120.866267
691,38,-30.365280
692,38,3.643234
526,39,-39.443404
527,39,-55.589610
528,39,19.352594
529,39,75.301079
530,39,106.125667
531,39,-36.945878
532,39,-35.857675
533,39,-50.536057
534,39,17.593284
684,39,-1.514429
685,39,-123.821483
686,39,-23.696543
687,39,2.891185
688,39,236.386575
689,39,45.238875
690,39,-1.376755
691,39,-112.565092
692,39,-21.542332
40,40,33054897497.336597
41,40,-33054897393.168571
293,40,-20530269324.463188
294,40,20530269324.463188
526,40,23.114079
527,40,-30.198105
528,40,-61.875351
529,40,-44.126898
530,40,57.650954
531,40,139.571098
532,40,21.012819
533,40,-27.452849
534,40,-56.250373
684,40,-48.049867
685,40,-4.911567
686,40,-128.300612
687,40,91.731606
688,40,9.376632
689,40,266.678271
690,40,-43.681739
691,40,-4.465065
692,40,-116.637032
40,41,-33054897393.168571
41,41,33054897289.000546
293,41,20530269217.214378
294,41,-20530269217.214378
531,41,-21.445374
689,41,-21.740627
42,42,1658817321192.404297
43,42,77664089693.606339
44,42,526347287917.528381
51,42,-2764695534248.691406
52,42,-129440149432.203262
53,42,-877245479805.720215
54,42,1105878214128.270020
55,42,51776059795.737495
56,42,350898191945.018860
295,42,-632927964059.034302
296,42,-478679260512.868469
297,42,358165173959.510864
304,42,1054879940033.780273
305,42,797798767443.477051
306,42,-596941956456.604492
307,42,-421951976039.356384
308,42,-319119507008.579163
309,42,238776782639.674042
529,42,-62.900724
530,42,19.121143
531,42,-48.335905
532,42,149.389137
533,42,-45.412688
534,42,114.797711
541,42,26.291546
542,42,-66.461806
687,42,-120.866267
688,42,-30.365280
689,42,3.643234
690,42,17466.122167
691,42,72.117499
692,42,-8.652676
693,42,-17179.064941
699,42,-41.752219
700,42,5.009442
42,43,77664089693.606339
43,43,34386930954.092522
44,43,-13637061882.061977
51,43,-129440149480.497925
52,43,-57311551583.632545
53,43,22728436461.515129
54,43,51776059795.737579
55,43,22924620636.061699
56,43,-9091374588.041330
295,43,110657923111.918655
296,43,-4109911242.761373
297,43,46677708937.620132
304,43,-184429871863.036896
305,43,6849852073.918617
306,43,-77796181555.510727
307,43,73771948741.279129
308,43,-2739940828.507588
309,43,31118472625.080086
529,43,-35.857675
530,43,-50.536057
531,43,17.593284
532,43,85.161930
533,43,120.023070
534,43,-41.784026
541,43,-69.487012
542,43,24.190742
687,43,-1.376755
688,43,-112.565092
689,43,-21.542332
690,43,3.269792
691,43,267.341946
692,43,51.163010
699,43,-154.776853
700,43,-29.620678
42,44,526347287917.528381
43,44,-13637061882.061977
44,44,214664388052.250519
51,44,-877245479470.938477
52,44,22728436483.445999
53,44,-357773980055.049805
54,44,350898191945.018982
55,44,-9091374588.041363
56,44,143109592034.833710
295,44,-375470886690.042725
296,44,-174668668626.533661
297,44,76414851415.692184
304,44,625784811138.052979
305,44,291114447678.306396
306,44,-127358085648.219116
307,44,-250313924460.028595
308,44,-116445779084.355820
309,44,50943234277.128181
529,44,21.012819
530,44,-27.452849
531,44,-56.250373
532,44,-49.905418
533,44,65.200480
534,44,133.594563
536,44,-0.000000
541,44,-37.747631
542,44,-77.344189
687,44,-43.681739
688,44,-4.465065
689,44,-116.637032
690,44,103.744072
691,44,10.604523
692,44,17672.846131
694,44,-17395.833333
699,44,-6.139458
700,44,-160.375765
535,45,35.064287
536,45,31.567876
537,45,-35.064287
538,45,-31.567876
690,45,-17287.109375
693,45,17368.037774
694,45,2.700619
695,45,-80.928399
696,45,-2.700619
534,46,-0.000000
535,46,-18.009475
536,46,36.208364
537,46,18.009475
538,46,-36.208364
692,46,-17395.833333
693,46,25.825847
694,46,17477.727682
695,46,-25.825847
696,46,-81.894349
535,47,-35.064287
536,47,-31.567876
537,47,79.691605
538,47,71.745212
539,47,-44.627318
540,47,-40.177336
693,47,-80.928399
694,47,-2.700619
695,47,183.928279
696,47,6.137773
697,47,-102.999880
698,47,-3.437155
48,48,790054712695.151245
60,48,-1382595050996.354492
61,48,592540339273.438843
301,48,-490699934374.316895
313,48,858724453339.250488
314,48,-368024518964.933594
535,48,18.009475
536,48,-36.208364
537,48,-40.930648
538,48,134.713868
539,48,22.921173
540,48,-46.083417
693,48,-25.825847
694,48,-81.894349
695,48,58.695137
696,48,239.267437
697,48,-32.869291
698,48,-104.229271
49,49,39498033007.519577
62,49,-39498032904.649567
302,49,-24378750460.484734
315,49,24378750460.484734
537,49,-44.627318
538,49,-40.177336
539,49,68.069792
540,49,40.177336
695,49,-102.999880
696,49,-3.437155
697,49,126.765102
698,49,3.437155
537,50,22.921173
538,50,-46.083417
539,50,-22.921173
540,50,46.083417
695,50,-32.869291
696,50,-104.229271
697,50,32.869291
698,50,104.229271
42,51,-2764695534248.691406
43,51,-129440149480.497925
44,51,-877245479470.938477
51,51,5345078031380.030273
52,51,250250955569.420502
53,51,1696007926986.864990
54,51,-3212312906062.220703
55,51,-150397126017.913635
56,51,-1019275700101.398926
57,51,631930408073.297363
58,51,29586319883.278591
59,51,200513252540.010864
295,51,1054879939500.756348
296,51,797798767187.503784
297,51,-596941956407.937744
304,51,-2039434549753.148438
305,51,-1542410949854.941895
306,51,1154087782202.045166
307,51,1225670025183.712402
308,51,926966186734.717041
309,51,-693589701702.271362
310,51,-241115414879.632141
311,51,-182354004004.902313
312,51,136443875794.099518
532,51,-86.488413
533,51,26.291546
534,51,-66.461806
541,51,-43.819243
542,51,110.769677
543,51,17.527697
544,51,-44.307871
690,51,-166.190958
691,51,-41.752219
692,51,5.009442
699,51,69.587032
700,51,-8.349070
701,51,-27.834813
702,51,3.339628
42,52,-129440149432.203262
43,52,-57311551583.632545
44,52,22728436483.445999
51,52,250250955569.420502
52,52,110802333052.559296
53,52,-43941643850.123978
54,52,-150397126027.572601
55,52,-66590564694.750771
56,52,26408278566.715015
57,52,29586319883.278572
58,52,13099783220.606688
59,52,-5195071193.166501
295,52,-184429871857.451996
296,52,6849852057.069258
297,52,-77796181546.621567
304,52,356564418939.671326
305,52,-13243047318.536572
306,52,150405950982.440186
307,52,-214289946355.079102
308,52,7958875732.780479
309,52,-90391753798.758850
310,52,42155399280.730995
311,52,-1565680473.432887
312,52,17781984357.188625
532,52,-49.304255
533,52,-69.487012
534,52,24.190742
541,52,115.811687
542,52,-40.317904
543,52,-46.324675
544,52,16.127162
690,52,-1.893037
691,52,-154.776853
692,52,-29.620678
699,52,257.961422
700,52,49.367797
701,52,-103.184569
702,52,-19.747119
42,53,-877245479805.720215
43,53,22728436461.515129
44,53,-357773980055.049805
51,53,1696007926986.864990
52,53,-43941643850.123978
53,53,691696361394.914917
54,53,-1019275700034.442627
55,53,26408278571.101196
56,53,-415699291099.683228
57,53,200513252540.010895
58,53,-5195071193.166488
59,53,81776909734.190674
295,53,625784811077.069702
296,53,291114447687.796265
297,53,-127358085691.491180
304,53,-1209850634748.437988
305,53,-562821265481.592773
306,53,246225632262.902039
307,53,727102351943.856689
308,53,338247263010.923340
309,53,-147977966194.022278
310,53,-143036528262.873474
311,53,-66540445191.060417
312,53,29110419586.930374
532,53,28.892599
533,53,-37.747631
534,53,-77.344189
541,53,62.912718
542,53,128.906982
543,53,-25.165087
544,53,-51.562793
690,53,-60.062333
691,53,-6.139458
692,53,-160.375765
699,53,10.232430
700,53,267.292942
701,53,-4.092972
702,53,-106.917177
42,54,1105878214128.270020
43,54,51776059795.737579
44,54,350898191945.018982
51,54,-3212312906062.220703
52,54,-150397126027.572601
53,54,-1019275700034.442627
54,54,3300763999216.785645
55,54,143458909863.572083
56,54,1049607275302.155884
57,54,-1230631772956.061035
58,54,-27148530529.851517
59,54,-396713789750.620056
244,54,36302464669.094398
245,54,-17689313159.333927
246,54,15484022470.102467
295,54,-421951976039.356201
296,54,-319119507008.579102
297,54,238776782639.673981
304,54,1225670025077.107422
305,54,926966186683.522217
306,54,-693589701692.537842
307,54,-1246716698424.981689
308,54,-939391968448.300293
309,54,766722702573.329224
310,54,434621188407.852417
311,54,319099031747.968933
312,54,-414309308976.968933
497,54,8377461047.620354
498,54,12446257099.779375
499,54,102399525313.869888
541,54,17.527697
542,54,-44.307871
543,54,-32.551438
544,54,82.286045
545,54,-49.421950
546,54,15.023740
699,54,-27.834813
700,54,3.339628
701,54,51.693224
702,54,-6.202166
703,54,-94.966262
704,54,-23.858411
42,55,51776059795.737495
43,55,22924620636.061699
44,55,-9091374588.041363
51,55,-150397126017.913635
52,55,-66590564694.750771
53,55,26408278571.101196
54,55,143458909863.572083
55,55,86796822192.292938
56,55,51698252454.510094
57,55,-27148530485.090359
58,55,-76035619421.586853
59,55,-206675661464.767853
244,55,-17689313159.333939
245,55,32904741286.074013
246,55,137660505146.713409
295,55,73771948741.279205
296,55,-2739940828.507551
297,55,31118472625.080093
304,55,-214289946353.962097
305,55,7958875729.410595
306,55,-90391753796.981003
307,55,181645937124.704376
308,55,2176215368.750814
309,55,29781468663.900993
310,55,23903214018.749557
311,55,-25425124763.620430
312,55,138893933529.933044
497,55,-65031153538.103043
498,55,18029974496.463528
499,55,-109402121017.098038
541,55,-46.324675
542,55,16.127162
543,55,86.031539
544,55,-29.950443
545,55,-28.173860
546,55,-39.706864
699,55,-103.184569
700,55,-19.747119
701,55,191.628485
702,55,36.673221
703,55,-1.081735
704,55,-88.443916
42,56,350898191945.018860
43,56,-9091374588.041330
44,56,143109592034.833710
51,56,-1019275700101.398926
52,56,26408278566.715015
53,56,-415699291099.683228
54,56,1049607275302.155884
55,56,51698252454.510094
56,56,924355290682.990479
57,56,-396713789931.320068
58,56,-206675661579.059631
59,56,-1526580419819.731445
244,56,15484022470.102386
245,56,137660505146.713470
246,56,874814828790.128296
295,56,-250313924460.028534
296,56,-116445779084.355759
297,56,50943234277.128098
304,56,727102351931.659912
305,56,338247263012.821289
306,56,-147977966202.676636
307,56,-948628959686.163452
308,56,-260019142264.410706
309,56,-27255600824.788269
310,56,832692746786.843994
311,56,-111157886299.799362
312,56,436407278645.627258
497,56,-360852214635.824280
498,56,149375544699.259521
499,56,-312116945895.293274
541,56,-25.165087
542,56,-51.562793
543,56,46.735162
544,56,95.759472
545,56,16.510056
546,56,-21.570075
699,56,-4.092972
700,56,-106.917177
701,56,7.601234
702,56,198.560471
703,56,-34.321333
704,56,-3.508262
51,57,631930408073.297363
52,57,29586319883.278572
53,57,200513252540.010895
54,57,-1230631772956.061035
55,57,-27148530485.090359
56,57,-396713789931.320068
57,57,698533143489.426270
58,57,-51083400543.379601
59,57,238781599171.238770
244,57,-99831777828.468414
245,57,48645611197.464539
246,57,-42581061698.649826
304,57,-241115414879.632355
305,57,-182354004004.902435
306,57,136443875794.099503
307,57,434621188776.613892
308,57,319099031947.964478
309,57,-414309309007.208313
310,57,-170467756049.382172
311,57,-102517820997.759171
312,57,559464127958.723267
497,57,-23038017915.737625
498,57,-34227207005.633415
499,57,-281598694617.145630
543,57,15.023740
544,57,-37.978175
545,57,135.910363
546,57,-41.315286
655,57,-86.488413
656,57,26.291546
657,57,-66.461806
701,57,-23.858411
702,57,2.862538
703,57,261.157220
704,57,65.610630
813,57,-166.190958
814,57,-41.752219
815,57,5.009442
51,58,29586319883.278591
52,58,13099783220.606688
53,58,-5195071193.166488
54,58,-27148530529.851517
55,58,-76035619421.586853
56,58,-206675661579.059631
57,58,-51083400543.379601
58,58,153423874723.448242
59,58,590437121589.427490
244,58,48645611181.915504
245,58,-90488038529.283493
246,58,-378566389129.980774
304,58,42155399280.730949
305,58,-1565680473.432898
306,58,17781984357.188618
307,58,23903214024.113419
308,58,-25425124754.844635
309,58,138893933495.514221
310,58,-244894285483.843781
311,58,76573235079.588623
312,58,-457531750647.966431
497,58,178835672217.364899
498,58,-49582429863.079575
499,58,300855832768.666504
543,58,-39.706864
544,58,13.823281
545,58,77.478116
546,58,109.193876
655,58,-49.304255
656,58,-69.487012
657,58,24.190742
701,58,-88.443916
702,58,-16.926102
703,58,2.974772
704,58,243.220770
813,58,-1.893037
814,58,-154.776853
815,58,-29.620678
51,59,200513252540.010864
52,59,-5195071193.166501
53,59,81776909734.190674
54,59,-396713789750.620056
55,59,-206675661464.767853
56,59,-1526580419819.731445
57,59,238781599171.238770
58,59,590437121589.427490
59,59,3850544286497.852539
244,59,-42581061817.641373
245,59,-378566388958.480469
246,59,-2405740778090.054199
304,59,-143036528262.873505
305,59,-66540445191.060471
306,59,29110419586.930374
307,59,832692746641.455566
308,59,-111157886240.836655
309,59,436407278339.608276
310,59,-1681999807965.521484
311,59,588481079067.562012
312,59,-1323839298702.900391
497,59,992343589783.832031
498,59,-410782747750.052795
499,59,858321600693.856934
543,59,-21.570075
544,59,-44.196680
545,59,-45.402655
546,59,59.317706
655,59,28.892599
656,59,-37.747631
657,59,-77.344189
701,59,-3.508262
702,59,-91.643294
703,59,94.383667
704,59,9.647720
813,59,-60.062333
814,59,-6.139458
815,59,-160.375765
48,60,-1382595050996.354492
60,60,2863944853878.701172
61,60,-1481349804167.085693
301,60,858724452338.261230
313,60,-1778785101276.907715
314,60,920060648938.646851
538,60,-52.422086
696,60,-53.143817
48,61,592540339273.438843
60,61,-1481349804167.085693
61,61,888809465206.150513
301,61,-368024518964.933655
313,61,920060649260.392700
314,61,-552036130295.459229
49,62,-39498032904.649567
62,62,39498032801.779564
302,62,24378750355.234283
315,62,-24378750355.234283
539,62,-23.442474
697,62,-23.765223
24,63,-1111011832375.755615
26,63,-1666517748563.634033
63,63,2777529580505.355469
277,63,690045163226.820190
279,63,1035067744840.230469
316,63,-1725112908067.050293
520,63,-78.633037
522,63,-117.949556
678,63,-79.715632
680,63,-119.573448
29,64,-1244134032123.048340
30,64,-58075948140.235550
31,64,-204938208562.647278
64,64,3844699093135.653809
65,64,137865530702.631775
66,64,512345304949.116333
67,64,-659767480890.934692
68,64,-49025339508.987137
72,64,-1940797583720.278564
73,64,-30764243286.277565
74,64,-307407096429.291748
282,64,411295077062.152344
283,64,391475162254.155334
284,64,-220278268689.887573
317,64,-1322689637506.956787
318,64,-1445175486174.897705
319,64,550695439007.639526
320,64,208209432221.413971
321,64,251670939491.249847
325,64,703185127999.453613
326,64,802029384756.731812
327,64,-330417170421.054077
523,64,-37.059766
524,64,14.022168
525,64,-20.132084
547,64,-46.894647
548,64,50.330189
549,64,-18.999517
550,64,9.758400
551,64,-61.875351
552,64,23.114079
553,64,-30.198105
681,64,-82.547713
682,64,-22.267866
683,64,-3.274380
705,64,84.311418
706,64,8.185947
707,64,-43.850898
708,64,-13.993686
709,64,-128.300612
710,64,-48.049867
711,64,-4.911567
29,65,-43104793470.585663
30,65,-35583394899.874344
31,65,18873566634.300690
64,65,137865530702.631775
65,65,130990204100.053329
66,65,-47183896646.163124
67,65,-21965689508.829773
68,65,-22932311117.499756
72,65,-72795047724.602951
73,65,-72474498113.314941
74,65,28310330020.971039
282,65,-120237375675.050186
283,65,-3812867907.627897
284,65,-21198420690.057770
317,65,371315041780.465332
318,65,6557352042.856038
319,65,52996029334.912918
320,65,-63810058878.719437
321,65,-3599612941.592429
325,65,-187267607200.694031
326,65,855128785.068950
327,65,-31797608649.561554
523,65,-26.295621
524,65,-46.127186
525,65,15.409397
547,65,134.814728
548,65,-36.442633
549,65,-16.998087
550,65,-19.496812
551,65,-53.169445
552,65,-69.190730
553,65,21.033237
681,65,-1.009620
682,65,-88.635240
683,65,-32.033267
705,65,265.684963
706,65,65.435042
707,65,-1.454179
708,65,-44.096957
709,65,4.007554
710,65,-132.952766
711,65,-33.401775
29,66,-166577887071.321472
30,66,9684347213.120514
31,66,-40948162843.332642
64,66,512345304949.116333
65,66,-47183896646.163124
66,66,102370363855.842941
67,66,-88801069809.488831
68,66,4479488890.078662
72,66,-256966348614.249329
73,66,33020060523.522305
74,66,-61422201023.752800
282,66,125014405671.315857
283,66,61452028373.985611
284,66,-22437323708.486069
317,66,-394047990882.107178
318,66,-222947008572.286499
319,66,56093285564.164047
320,66,64816235116.164169
321,66,40103459482.062141
325,66,204217350047.085693
326,66,121391520777.025162
327,66,-33655961868.922859
523,66,12.901738
524,66,-35.446321
525,66,-41.250263
547,66,74.889726
548,66,96.839873
551,66,19.352594
552,66,-39.443404
553,66,-55.589610
681,66,-15.797706
682,66,2.671704
683,66,-85.533802
705,66,-1.157275
706,66,209.355284
709,66,-23.696543
710,66,-1.514429
711,66,-123.821483
29,67,213519190853.726471
30,67,9516215912.319654
31,67,35520442930.622437
64,67,-659767480890.934692
65,67,-21965689508.829773
66,67,-88801069809.488831
67,67,224342950434.831451
68,67,8128621406.995340
69,67,-111101183150.768799
72,67,333006523476.565002
73,67,4320852229.176781
74,67,53280626886.357887
282,67,-72392759427.335190
283,67,-67418592453.369736
284,67,37622135049.178185
317,67,232602656393.357971
318,67,248782509517.682526
319,67,-94055297876.269897
320,67,-105691332616.572937
321,67,-43357380804.411674
322,67,69004516340.556763
325,67,-123523080651.121048
326,67,-138006536316.500366
327,67,56433162844.805389
547,67,9.758400
549,67,58.316036
550,67,-9.758400
705,67,-13.993686
707,67,83.708714
708,67,13.993686
29,68,15611119692.114552
30,68,6368301548.738043
31,68,-1791796313.382803
64,68,-49025339508.987137
65,68,-22932311117.499756
66,68,4479488890.078662
67,68,8128621406.995340
68,68,644124995542.791260
70,68,-1132206918727.909912
71,68,492264104137.818665
72,68,25285598434.320133
73,68,12381829581.120190
74,68,-2687692577.937903
282,68,17431435686.256783
283,68,-1993167391.329901
284,68,5043026278.131000
317,68,-53478032013.971893
318,68,8620989711.537344
319,68,-12607560368.407858
320,68,9318589245.415682
321,68,-398554460405.325134
323,68,703209350265.043579
324,68,-305743336143.436096
325,68,26728007079.438007
326,68,-5539376035.113836
327,68,7564534091.762452
547,68,-19.496812
549,68,16.998087
550,68,66.676634
705,68,-44.096957
707,68,1.454179
708,68,91.926336
67,69,-111101183150.768799
69,69,111101183046.600784
320,69,69004516233.307983
322,69,-69004516233.307983
549,69,-39.316519
707,69,-39.857816
68,70,-1132206918727.909912
70,70,2381801026599.056152
71,70,-1249594109150.009277
321,70,703209349278.354858
323,70,-1479327430049.294678
324,70,776118080770.939941
550,70,-47.179822
708,70,-47.829379
68,71,492264104137.818665
70,71,-1249594109150.009277
71,71,757330005332.707886
321,71,-305743336143.436157
323,71,776118081100.936646
324,71,-470374744957.500366
29,72,627998453812.100586
30,72,30167344241.885700
31,72,102786582871.277100
64,72,-1940797583720.278564
65,72,-72795047724.602951
66,72,-256966348614.249329
67,72,333006523476.565002
68,72,25285598434.320133
72,72,4898963041224.713867
73,72,86710525832.573227
74,72,770898828821.593872
76,72,-8818133471369.523438
77,72,-156078946252.177582
78,72,-1387617891817.391602
80,72,4898963041224.714844
81,72,86710525832.573120
82,72,770898828821.594482
282,72,-204193295904.446289
283,72,-197162708644.556854
284,72,111533818561.896927
317,72,657058093371.624634
318,72,728039680420.505493
319,72,-278834428572.895386
320,72,-103293817952.271637
321,72,-126722491548.176575
325,72,-1747854897013.640381
326,72,-2020772401960.615234
327,72,836503050315.853394
329,72,3146138814817.218750
330,72,3637390323186.186523
331,72,-1505705490418.280518
333,72,-1747854897013.641113
334,72,-2020772401960.615479
335,72,836503050315.853882
547,72,23.114079
548,72,-30.198105
551,72,123.750703
552,72,-46.228158
553,72,60.396210
554,72,23.114079
555,72,-30.198105
705,72,-48.049867
706,72,-4.911567
709,72,256.601224
710,72,96.099733
711,72,9.823133
712,72,-48.049867
713,72,-4.911567
29,73,9101285847.099468
30,73,19433908117.291027
31,73,-13208029790.752678
64,73,-30764243286.277565
65,73,-72474498113.314941
66,73,33020060523.522305
67,73,4320852229.176781
68,73,12381829581.120190
72,73,86710525832.573227
73,73,203293802146.928558
74,73,-99060153692.270081
76,73,-156078946563.719452
77,73,-365928843834.254517
78,73,178308276629.715149
80,73,86710525832.573303
81,73,203293802146.928619
82,73,-99060153692.270126
282,73,73141964931.005829
283,73,6975078344.577457
284,73,9293211843.587616
317,73,-226522098558.648132
318,73,-21492222067.002995
319,73,-23233019793.946438
320,73,38692665258.630119
321,73,5134387365.174608
325,73,573437341757.671387
326,73,46913781866.674202
327,73,69699039758.764267
329,73,-1032187215201.382812
330,73,-84444807326.454178
331,73,-125458271561.760895
333,73,573437341757.671509
334,73,46913781866.674164
335,73,69699039758.764282
547,73,-69.190730
548,73,21.033237
551,73,106.338890
552,73,138.381461
553,73,-42.066473
554,73,-69.190730
555,73,21.033237
705,73,-132.952766
706,73,-33.401775
709,73,-8.015107
710,73,265.905533
711,73,66.803551
712,73,-132.952766
713,73,-33.401775
29,74,99946704106.180969
30,74,-5810606692.914136
31,74,24568890790.095482
64,74,-307407096429.291748
65,74,28310330020.971039
66,74,-61422201023.752800
67,74,53280626886.357887
68,74,-2687692577.937903
72,74,770898828821.593872
73,74,-99060153692.270081
74,74,562931554285.040283
75,74,-378665002666.353821
76,74,-1387617891368.372070
77,74,178308276670.425354
78,74,-331679792144.198547
80,74,770898828821.593994
81,74,-99060153692.270126
82,74,184266551202.014282
282,74,-75008622289.941422
283,74,-36871206644.976212
284,74,13462390434.879265
317,74,236428727980.965149
318,74,133768167486.857285
319,74,-33655961862.971497
320,74,-38889730123.349129
321,74,-24062068915.677593
325,74,-612651877695.748535
326,74,-364174459813.376709
327,74,-134219515513.052124
328,74,235187372693.247894
329,74,1102773379905.559570
330,74,655514027587.979004
331,74,-181742142901.465302
333,74,-612651877695.748779
334,74,-364174459813.376770
335,74,100967857180.195816
547,74,-39.443404
548,74,-55.589610
551,74,-38.705188
552,74,78.886809
553,74,147.471420
554,74,-39.443404
555,74,-55.589610
705,74,-1.514429
706,74,-123.821483
709,74,47.393085
710,74,3.028859
711,74,284.434825
712,74,-1.514429
