0,0,247254791587657.125000
235,0,-236890818277994.812500
688,0,18156.901042
1,1,247254791587657.031250
236,1,-236890818277994.812500
489,1,0.004128
689,1,18156.901042
2,2,247254791587657.031250
237,2,-236890818277994.812500
490,2,-0.004128
690,2,18156.901042
3,3,169755410.320119
4,3,56321377.143826
5,3,29260414.450908
6,3,-6289994.613573
7,3,-6050837.936380
11,3,-177590275.498442
12,3,-52340523.291310
13,3,-24280787.746740
14,3,62678920.791072
15,3,18473125.872975
16,3,8569689.795936
235,3,-54844055.658823
236,3,-16163985.138617
237,3,-7498478.565904
256,3,0.027708
257,3,-109287830.630435
258,3,44992898.307976
259,3,18333693.332918
260,3,-4614466.772867
264,3,-0.016655
265,3,95152020.580792
266,3,-42242051.458484
267,3,-0.000000
268,3,-33583066.096594
269,3,14908959.340953
488,3,-0.014033
489,3,29385182.816493
490,3,-13045339.417771
588,3,38.672095
589,3,-14.446299
590,3,18.873816
688,3,80.187883
689,3,30.031167
690,3,3.069729
3,4,56321377.143826
4,4,335778583.808235
5,4,45941123.048376
6,4,-96179365.222580
7,4,-2206610.773908
11,4,-55934805.918199
12,4,-226863352.359441
13,4,-40972717.931425
14,4,18473125.872975
15,4,69960732.435754
16,4,12430108.484961
235,4,-18859697.097598
236,4,-82696598.749933
237,4,-15191902.849246
256,4,109287830.648856
257,4,0.100179
258,4,-81662317.941977
259,4,16109317.368856
260,4,9824990.175805
264,4,-105628416.785032
265,4,-9205324.264733
266,4,70468652.321623
267,4,33583066.096594
268,4,-0.000000
269,4,-22881250.575470
488,4,-37242479.970485
489,4,-6903993.197096
490,4,24249926.022880
588,4,33.230903
589,4,43.244207
590,4,-13.145773
688,4,-2.504721
689,4,83.095479
690,4,20.876110
3,5,29260414.450908
4,5,45941123.048376
5,5,221111504.650275
6,5,-10069635.155232
7,5,-42437654.393174
11,5,-27738409.426751
12,5,-36479561.133669
13,5,-172130890.982376
14,5,8569689.795936
15,5,12430108.484961
16,5,54468981.735595
235,5,-10091694.829100
236,5,-11822035.244113
237,5,-61011941.087235
256,5,-44992898.300288
257,5,81662317.959036
258,5,0.069532
259,5,-9867274.160531
260,5,12112617.236681
264,5,44878889.609955
265,5,-70444490.054987
266,5,-6921495.601877
267,5,-14908959.340953
268,5,22881250.575470
269,5,0.000000
488,5,15022968.030844
489,5,-24231804.322489
490,5,-5191121.700391
509,5,47.179822
588,5,-12.095371
589,5,24.652128
590,5,34.743506
609,5,47.829379
688,5,14.810339
689,5,0.946518
690,5,77.388427
3,6,-6289994.613573
4,6,-96179365.222580
5,6,-10069635.155232
6,6,46057130.127194
11,6,3594282.635568
12,6,28641277.212454
13,6,5754077.233407
235,6,2695711.976676
236,6,21480957.909340
237,6,4315557.925056
256,6,-18333693.332918
257,6,-16109317.412414
258,6,9867274.160531
259,6,0.004767
264,6,10476396.193282
265,6,9205324.230429
266,6,-5638442.377977
488,6,7857297.144961
489,6,6903993.172822
490,6,-4228831.783483
3,7,-6050837.936380
4,7,-2206610.773908
5,7,-42437654.393174
7,7,35592066.707472
8,7,-17631191.929803
9,7,-15356890.391497
10,7,8679978.464686
11,7,3457621.678706
12,7,1260920.441895
13,7,17802109.472007
235,7,2593216.259030
236,7,945690.331421
237,7,13351582.104005
256,7,4614466.772867
257,7,-9824990.175805
258,7,-12112617.261346
260,7,-0.000000
261,7,0.000000
262,7,0.000000
263,7,0.000000
264,7,-2636838.156147
265,7,5614280.101814
266,7,6921495.576781
488,7,-1977628.617110
489,7,4210710.076361
490,7,5191121.682586
509,7,-142.446801
609,7,-144.407963
7,8,-17631191.929803
8,8,17631191.925174
260,8,-0.004767
261,8,0.004767
509,8,58.974778
609,8,59.786724
7,9,-15356890.391497
9,9,46604794.502770
10,9,-31247904.125482
260,9,-0.008433
262,9,0.019396
263,9,-0.010963
509,9,36.292201
609,9,36.791860
7,10,8679978.464686
9,10,-31247904.125482
10,10,22567925.666815
260,10,0.000000
262,10,-0.004767
263,10,0.004767
3,11,-177590275.498442
4,11,-55934805.918199
5,11,-27738409.426751
11,11,302948116.997969
6,11,3594282.635568
7,11,3457621.678706
12,11,89286775.014305
13,11,41420167.331271
14,11,-156697301.930016
15,11,-46182814.682101
16,11,-21424224.481926
235,11,31339460.395536
236,11,9236562.936488
237,11,4284844.897968
256,11,-0.010487
257,11,105628416.780065
258,11,-44878889.616697
259,11,-10476396.193282
260,11,2636838.156147
264,11,0.028274
265,11,-162318152.751811
266,11,72059970.134363
267,11,-0.020047
268,11,83957665.215732
269,11,-37272398.344437
488,11,-0.000000
489,11,-16791533.048297
490,11,7454479.670477
510,11,77.344189
511,11,-28.892599
512,11,37.747631
610,11,160.375765
611,11,60.062333
612,11,6.139458
3,12,-52340523.291310
4,12,-226863352.359441
5,12,-36479561.133669
11,12,89286775.014305
12,12,338143539.939182
6,12,28641277.212454
7,12,1260920.441895
13,12,60078857.654179
14,12,-46182814.659730
15,12,-174901831.039296
16,12,-31075271.212279
235,12,9236562.936488
236,12,34980366.217877
237,12,6215054.242480
256,12,-95152020.594842
257,12,9205324.207510
258,12,70444490.051974
259,12,-9205324.230429
260,12,-5614280.101814
264,12,162318152.773040
265,12,0.055359
266,12,-110592711.081925
267,12,-83957665.230093
268,12,-0.030309
269,12,57203126.420967
488,12,16791533.048297
489,12,-0.000000
490,12,-11440625.287735
510,12,66.461806
511,12,86.488413
512,12,-26.291546
610,12,-5.009442
611,12,166.190958
612,12,41.752219
3,13,-24280787.746740
4,13,-40972717.931425
5,13,-172130890.982376
11,13,41420167.331271
12,13,60078857.654179
13,13,263266744.922399
6,13,5754077.233407
7,13,17802109.472007
14,13,-21424224.488303
15,13,-31075271.198647
16,13,-136172454.299094
235,13,4284844.897968
236,13,6215054.242480
237,13,27234490.867797
256,13,42242051.459511
257,13,-70468652.334924
258,13,6921495.561268
259,13,5638442.377977
260,13,-6921495.576781
264,13,-72059970.131058
265,13,110592711.098343
266,13,0.037426
267,13,37272398.341392
268,13,-57203126.429990
269,13,-0.020422
488,13,-7454479.670477
489,13,11440625.287735
490,13,0.000000
510,13,-24.190742
511,13,49.304255
512,13,69.487012
610,13,29.620678
611,13,1.893037
612,13,154.776853
3,14,62678920.791072
4,14,18473125.872975
5,14,8569689.795936
11,14,-156697301.930016
12,14,-46182814.659730
13,14,-21424224.488303
14,14,107949232.196206
15,14,27709688.809463
16,14,12854534.693905
17,14,-2296333552.669181
18,14,2296757435.636943
256,14,0.000000
257,14,-33583066.096594
258,14,14908959.340953
264,14,0.003083
265,14,83957665.238202
266,14,-37272398.352184
267,14,-0.000000
268,14,-50374599.144891
269,14,22363439.011430
270,14,-2349905079.154433
271,14,2349905079.154433
510,14,-181.329068
511,14,48.154331
512,14,-62.912718
514,14,51.562793
515,14,-19.261733
516,14,25.165087
610,14,-320.436759
611,14,-100.103889
612,14,-10.232430
614,14,106.917177
615,14,40.041556
616,14,4.092972
3,15,18473125.872975
4,15,69960732.435754
5,15,12430108.484961
11,15,-46182814.682101
12,15,-174901831.039296
13,15,-31075271.198647
14,15,27709688.809463
15,15,118871949.663229
16,15,18645162.727441
21,15,-13930851.004969
256,15,33583066.096594
257,15,0.000000
258,15,-22881250.575470
264,15,-83957665.236579
265,15,-0.002906
266,15,57203126.436675
267,15,50374599.144891
268,15,0.000000
269,15,-34321875.863205
274,15,-0.000000
510,15,-110.769677
511,15,-196.569441
512,15,43.819243
514,15,44.307871
515,15,57.658942
516,15,-17.527697
610,15,8.349070
611,15,-330.128747
612,15,-69.587032
614,15,-3.339628
615,15,110.793972
616,15,27.834813
3,16,8569689.795936
4,16,12430108.484961
5,16,54468981.735595
11,16,-21424224.481926
12,16,-31075271.212279
13,16,-136172454.299094
14,16,12854534.693905
15,16,18645162.727441
16,16,81703472.603392
256,16,-14908959.340953
257,16,22881250.575470
258,16,-0.000000
264,16,37272398.353245
265,16,-57203126.437502
266,16,-0.002033
267,16,-22363439.011430
268,16,34321875.863205
269,16,-0.000000
510,16,40.317904
511,16,-82.173759
512,16,-115.811687
514,16,-16.127162
515,16,32.869504
516,16,46.324675
610,16,-49.367797
611,16,-3.155061
612,16,-257.961422
614,16,19.747119
615,16,1.262025
616,16,103.184569
17,17,74522447482167.296875
14,17,-2296333552.669181
18,17,-74988831344519.375000
267,17,2349905079.149667
270,17,0.004766
271,17,-2349905079.154433
510,17,52.422086
610,17,53.143817
613,17,17179.064941
17,18,-74988831344519.375000
18,18,75458148012161.250000
14,18,2296757435.636943
267,18,-2364684356.381820
270,18,2364684356.381820
513,18,-27.579399
517,18,27.579399
613,18,-17315.068478
617,18,27.959103
19,19,11143354.073216
25,19,-11143354.077788
272,19,0.004678
278,19,-0.004678
517,19,46.884948
617,19,47.530445
20,20,11143354.073216
25,20,-11143354.077788
273,20,0.004678
278,20,-0.004678
517,20,46.884948
617,20,47.530445
15,21,-13930851.004969
21,21,13930851.000339
268,21,-0.004767
274,21,0.004767
511,21,52.422086
611,21,53.143817
22,22,2373964121.148786
23,22,699669641.517129
24,22,324577000.642968
100,22,-2420973313.620017
101,22,-713524486.816566
102,22,-331004268.050509
103,22,47009190.593304
104,22,13854844.404731
105,22,6427267.346952
275,22,0.678571
276,22,-1271958627.247076
277,22,564676834.712736
353,22,-0.800034
354,22,1297145926.948861
355,22,-575858554.226328
356,22,-0.000000
357,22,-25187299.572445
358,22,11181719.505715
510,22,51.562793
511,22,-19.261733
512,22,25.165087
514,22,-111.201782
515,22,40.081742
516,22,-60.150861
519,22,20.966895
520,22,-6.373710
521,22,16.111958
610,22,106.917177
611,22,40.041556
612,22,4.092972
614,22,-227.393789
615,22,-80.194476
616,22,-5.948291
619,22,40.288730
620,22,10.121753
621,22,-1.214411
22,23,699669641.517129
23,23,2649762736.997109
24,23,470790358.312731
100,23,-713524485.935137
101,23,-2702233288.297404
102,23,-480112940.218414
103,23,13854844.404731
104,23,52470549.326815
105,23,9322581.363721
275,23,1271958627.756574
276,23,1.328620
277,23,-866627364.757619
353,23,-1297145927.522313
354,23,-1.214108
355,23,883788302.768003
356,23,25187299.572445
357,23,-0.000000
358,23,-17160937.931602
510,23,44.307871
511,23,57.658942
512,23,-17.527697
514,23,-89.491324
515,23,-117.748490
516,23,36.537894
519,23,11.952551
520,23,16.845342
521,23,-5.864424
610,23,-3.339628
611,23,110.793972
612,23,27.834813
614,23,5.385431
615,23,-231.411124
616,23,-55.891695
619,23,0.458918
620,23,37.521673
621,23,7.180773
22,24,324577000.642968
23,24,470790358.312731
24,24,2094357021.261021
26,24,47016511.825154
63,24,-78360853.034208
100,24,-331004268.301786
101,24,-480112939.681328
102,24,-2103864417.917711
103,24,6427267.346952
104,24,9322581.363721
105,24,40851736.301696
275,24,-564676834.633402
276,24,866627365.151641
277,24,0.898219
279,24,0.000000
316,24,-0.000000
353,24,575858554.105191
354,24,-883788303.129430
355,24,-0.818106
356,24,-11181719.505715
357,24,17160937.931602
358,24,-0.000000
510,24,-16.127162
511,24,32.869504
512,24,46.324675
514,24,35.226801
515,24,-66.672575
516,24,-178.451331
519,24,-7.004269
520,24,9.150944
521,24,18.750112
610,24,19.747119
611,24,1.262025
612,24,103.184569
614,24,-49.118028
615,24,-3.696897
616,24,-299.167613
619,24,14.560570
620,24,1.488354
621,24,38.878986
19,25,-11143354.077788
25,25,22286708.164720
20,25,-11143354.077788
272,25,-0.000000
273,25,-0.000000
278,25,0.000000
513,25,27.579399
517,25,-121.349295
613,25,27.959103
617,25,-123.019994
26,26,81296993.290631
24,26,47016511.825154
27,26,-5015101.651312
28,26,-5757123.892328
63,26,-117541279.551312
277,26,-0.000000
279,26,0.000000
280,26,0.000000
281,26,0.000000
316,26,-0.000000
518,26,-183.102666
618,26,-185.623565
26,27,-5015101.651312
27,27,5015101.646682
279,27,-0.004767
280,27,0.004767
518,27,31.453237
618,27,31.886275
26,28,-5757123.892328
28,28,5757123.887698
279,28,-0.004767
281,28,0.004767
518,28,33.699873
618,28,34.163842
29,29,2358537250.740118
30,29,550306517.871918
31,29,348431225.927408
32,29,-19963941.292075
33,29,8679978.464686
64,29,-2396439467.719918
65,29,-562242699.050973
66,29,-354041493.936975
67,29,11930881.218715
68,29,3646354.714539
72,29,37255297.010276
73,29,8289825.924699
74,29,5610267.968425
282,29,0.674658
283,29,-977201942.831386
284,29,655051580.460734
285,29,-0.000000
286,29,0.000000
317,29,1132796.553441
318,29,1002259723.472573
319,29,-665193980.128725
320,29,203046.620095
321,29,-6267063.773818
325,29,-1335843.875648
326,29,-18790716.863294
327,29,10142399.691370
514,29,20.966895
515,29,-6.373710
516,29,16.111958
519,29,-162.865425
520,29,37.923575
521,29,-80.551913
522,29,57.658942
523,29,-17.527697
524,29,44.307871
614,29,40.288730
615,29,10.121753
616,29,-1.214411
619,29,-281.459794
620,29,-60.224432
621,29,1.279659
622,29,110.793972
623,29,27.834813
624,29,-3.339628
29,30,550306517.871918
30,30,3014845403.819192
31,30,802749969.283079
64,30,-565244997.261645
65,30,-3072396280.571514
66,30,-814196183.583174
67,30,3335207.567394
68,30,13140802.172722
72,30,11603271.777179
73,30,44410072.550950
74,30,11446213.417464
282,30,977201942.993211
283,30,0.985049
284,30,-1443182699.949737
317,30,-1001150015.386618
318,30,-853373.401724
319,30,1460071348.384587
320,30,6900053.240845
321,30,853372.358184
325,30,17048019.044756
326,30,-0.000000
327,30,-16888648.268552
514,30,11.952551
515,30,16.845342
516,30,-5.864424
519,30,-71.117676
520,30,-109.297203
521,30,37.400983
522,30,32.869504
523,30,46.324675
524,30,-16.127162
614,30,0.458918
615,30,37.521673
616,30,7.180773
619,30,-2.730563
620,30,-229.341482
621,30,-58.961159
622,30,1.262025
623,30,103.184569
624,30,19.747119
29,31,348431225.927408
30,31,802749969.283079
31,31,2701047426.142648
64,31,-353458693.378513
65,31,-812035860.043366
66,31,-2738302724.900499
67,31,160826.105521
68,31,942360.115845
72,31,4866641.036882
73,31,8343530.652208
74,31,37255297.010276
282,31,-655051580.276523
283,31,1443182700.590664
284,31,1.241769
317,31,664882808.450328
318,31,-1465659987.309975
319,31,-1335844.961211
320,31,-1033178.090470
321,31,3464917.056192
325,31,-8798050.080367
326,31,19012369.503946
327,31,1335843.875648
514,31,-7.004269
515,31,9.150944
516,31,18.750112
519,31,39.167740
520,31,-69.762353
521,31,-111.563168
522,31,-19.261733
523,31,25.165087
524,31,51.562793
614,31,14.560570
615,31,1.488354
616,31,38.878986
619,31,-70.399832
620,31,-2.909622
621,31,-231.329964
622,31,40.041556
623,31,4.092972
624,31,106.917177
29,32,-19963941.292075
32,32,41997743.599734
33,32,-22033802.321869
282,32,-0.010963
285,32,0.019396
286,32,-0.008433
519,32,47.179822
619,32,47.829379
29,33,8679978.464686
32,33,-22033802.321869
33,33,13353823.860745
282,33,-0.000000
285,33,-0.004767
286,33,0.004767
519,34,57.658942
520,34,-17.527697
521,34,44.307871
522,34,-126.849672
523,34,38.560934
524,34,-97.477315
525,34,69.190730
526,34,-21.033237
527,34,53.169445
619,34,110.793972
620,34,27.834813
621,34,-3.339628
622,34,-243.746738
623,34,-61.236588
624,34,7.347182
625,34,132.952766
626,34,33.401775
627,34,-4.007554
35,35,2558724.305325
37,35,-2558724.300696
288,35,0.000000
290,35,0.000000
519,35,32.869504
520,35,46.324675
521,35,-16.127162
522,35,-72.312908
523,35,-124.380878
524,35,35.479756
525,35,39.443404
526,35,55.589610
527,35,-19.352594
619,35,1.262025
620,35,103.184569
621,35,19.747119
622,35,-2.776454
623,35,-249.781958
624,35,-43.443662
625,35,1.514429
626,35,123.821483
627,35,23.696543
519,36,-19.261733
520,36,25.165087
521,36,51.562793
522,36,42.375812
523,36,-55.363192
524,36,-113.438144
525,36,-23.114079
526,36,30.198105
527,36,61.875351
619,36,40.041556
620,36,4.092972
621,36,106.917177
622,36,-88.091422
623,36,-9.004539
624,36,-235.217789
625,36,48.049867
626,36,4.911567
627,36,128.300612
35,37,-2558724.300696
37,37,2558724.296066
288,37,-0.004767
290,37,0.004767
523,37,22.466593
623,37,22.775906
522,38,69.190730
523,38,-21.033237
524,38,53.169445
525,38,-132.091455
526,38,40.154379
527,38,-101.505350
528,38,62.900724
529,38,-19.121143
530,38,48.335905
622,38,132.952766
623,38,33.401775
624,38,-4.007554
625,38,-253.819034
626,38,-63.767055
627,38,7.650788
628,38,120.866267
629,38,30.365280
630,38,-3.643234
522,39,39.443404
523,39,55.589610
524,39,-19.352594
525,39,-75.301079
526,39,-106.125667
527,39,36.945878
528,39,35.857675
529,39,50.536057
530,39,-17.593284
622,39,1.514429
623,39,123.821483
624,39,23.696543
625,39,-2.891185
626,39,-236.386575
627,39,-45.238875
628,39,1.376755
629,39,112.565092
630,39,21.542332
40,40,2331397.280586
41,40,-2331397.275957
293,40,0.000000
294,40,-0.000000
522,40,-23.114079
523,40,30.198105
524,40,61.875351
525,40,44.126898
526,40,-57.650954
527,40,-139.571098
528,40,-21.012819
529,40,27.452849
530,40,56.250373
622,40,48.049867
623,40,4.911567
624,40,128.300612
625,40,-91.731606
626,40,-9.376632
627,40,-266.678271
628,40,43.681739
629,40,4.465065
630,40,116.637032
40,41,-2331397.275957
41,41,2331397.271327
293,41,-0.004767
294,41,0.004767
527,41,21.445374
627,41,21.740627
42,42,73780173006362.000000
43,42,18645162.727455
44,42,27709688.809463
45,42,-74244093650579.453125
51,42,-174901831.039296
52,42,-31075271.198670
53,42,-46182814.682101
54,42,69960732.435754
55,42,12430108.484970
56,42,18473125.872975
295,42,0.000000
296,42,-34321875.863197
297,42,50374599.144891
304,42,-0.002906
305,42,57203126.436662
306,42,-83957665.236579
307,42,-0.000000
308,42,-22881250.575464
309,42,33583066.096594
525,42,62.900724
526,42,-19.121143
527,42,48.335905
528,42,-149.389137
529,42,45.412688
530,42,-114.797711
625,42,120.866267
626,42,30.365280
627,42,-3.643234
628,42,-17466.122167
629,42,-72.117499
630,42,8.652676
631,42,17179.064941
42,43,18645162.727455
43,43,81703472.603392
44,43,12854534.693896
51,43,-31075271.212301
52,43,-136172454.299094
53,43,-21424224.481911
54,43,12430108.484970
55,43,54468981.735595
56,43,8569689.795931
295,43,34321875.863197
296,43,-0.000000
297,43,-22363439.011436
304,43,-57203126.437489
305,43,-0.002033
306,43,37272398.353254
307,43,22881250.575464
308,43,-0.000000
309,43,-14908959.340957
525,43,35.857675
526,43,50.536057
527,43,-17.593284
528,43,-85.161930
529,43,-120.023070
530,43,41.784026
625,43,1.376755
626,43,112.565092
627,43,21.542332
628,43,-3.269792
629,43,-267.341946
630,43,-51.163010
44,44,75653848358658.953125
42,44,27709688.809463
43,44,12854534.693896
46,44,-75653754340277.765625
51,44,-46182814.659730
52,44,-21424224.488289
53,44,-156697301.930016
54,44,18473125.872975
55,44,8569689.795931
56,44,62678920.791072
295,44,-50374599.144891
296,44,22363439.011436
297,44,-0.003955
299,44,0.003955
304,44,83957665.238202
305,44,-37272398.352193
306,44,0.003083
307,44,-33583066.096594
308,44,14908959.340957
309,44,0.000000
525,44,-21.012819
526,44,27.452849
527,44,56.250373
528,44,49.905418
529,44,-65.200480
530,44,-133.594563
625,44,43.681739
626,44,4.465065
627,44,116.637032
628,44,-103.744072
629,44,-10.604523
630,44,-17672.846131
632,44,17395.833333
42,45,-74244093650579.453125
45,45,74711037635803.218750
531,45,-35.064287
532,45,-31.567876
533,45,35.064287
534,45,31.567876
628,45,17287.109375
631,45,-17368.037774
632,45,-2.700619
633,45,80.928399
634,45,2.700619
44,46,-75653754340277.765625
46,46,75653754340277.765625
297,46,0.003955
299,46,-0.003955
531,46,18.009475
532,46,-36.208364
533,46,-18.009475
534,46,36.208364
630,46,17395.833333
631,46,-25.825847
632,46,-17477.727682
633,46,25.825847
634,46,81.894349
531,47,35.064287
532,47,31.567876
533,47,-79.691605
534,47,-71.745212
535,47,44.627318
536,47,40.177336
631,47,80.928399
632,47,2.700619
633,47,-183.928279
634,47,-6.137773
635,47,102.999880
636,47,3.437155
48,48,13930851.009598
60,48,-24378976.996850
61,48,10448125.998054
301,48,0.000000
313,48,0.000000
314,48,-0.000000
531,48,-18.009475
532,48,36.208364
533,48,40.930648
534,48,-134.713868
535,48,-22.921173
536,48,46.083417
631,48,25.825847
632,48,81.894349
633,48,-58.695137
634,48,-239.267437
635,48,32.869291
636,48,104.229271
49,49,2785838.520590
62,49,-2785838.516018
302,49,0.000000
315,49,-0.000000
533,49,44.627318
534,49,40.177336
535,49,-68.069792
536,49,-40.177336
633,49,102.999880
634,49,3.437155
635,49,-126.765102
636,49,-3.437155
533,50,-22.921173
534,50,46.083417
535,50,22.921173
536,50,-46.083417
633,50,32.869291
634,50,104.229271
635,50,-32.869291
636,50,-104.229271
42,51,-174901831.039296
43,51,-31075271.212301
44,51,-46182814.659730
51,51,338143539.939182
52,51,60078857.654223
53,51,89286775.014305
54,51,-203219270.331816
55,51,-36106505.587195
56,51,-53660032.282259
57,51,39977561.391859
58,51,7102919.134269
59,51,10556071.927414
295,51,-0.030309
296,51,57203126.420953
297,51,-83957665.230093
304,51,0.055359
305,51,-110592711.081899
306,51,162318152.773040
307,51,-0.022725
308,51,66464584.991382
309,51,-97550811.030640
310,51,0.000000
311,51,-13075000.328837
312,51,19190323.483768
528,51,86.488413
529,51,-26.291546
530,51,66.461806
628,51,166.190958
629,51,41.752219
630,51,-5.009442
42,52,-31075271.198670
43,52,-136172454.299094
44,52,-21424224.488289
51,52,60078857.654223
52,52,263266744.922399
53,52,41420167.331243
54,52,-36106505.589921
55,52,-158219423.075559
56,52,-24892908.446961
57,52,7102919.134269
58,52,31125132.420340
59,52,4896965.597675
295,52,-57203126.429976
296,52,-0.020422
297,52,37272398.341401
304,52,110592711.098317
305,52,0.037426
306,52,-72059970.131076
307,52,-66464584.998115
308,52,-0.015377
309,52,43306977.126675
310,52,13075000.328837
311,52,-0.000000
312,52,-8519405.337690
528,52,49.304255
529,52,69.487012
530,52,-24.190742
628,52,1.893037
629,52,154.776853
630,52,29.620678
42,53,-46182814.682101
43,53,-21424224.481911
44,53,-156697301.930016
51,53,89286775.014305
52,53,41420167.331243
53,53,302948116.997969
54,53,-53660032.277785
55,53,-24892908.448236
56,53,-182067341.272410
57,53,10556071.927414
58,53,4896965.597675
59,53,35816526.166327
295,53,83957665.215732
296,53,-37272398.344446
297,53,-0.020047
304,53,-162318152.751811
305,53,72059970.134381
306,53,0.028274
307,53,97550811.022473
308,53,-43306977.127785
309,53,-0.010693
310,53,-19190323.483768
311,53,8519405.337690
312,53,-0.000000
528,53,-28.892599
529,53,37.747631
530,53,77.344189
628,53,60.062333
629,53,6.139458
630,53,160.375765
42,54,69960732.435754
43,54,12430108.484970
44,54,18473125.872975
51,54,-203219270.331816
52,54,-36106505.589921
53,54,-53660032.277785
54,54,241769061.589532
55,54,42955749.027762
56,54,63839101.619176
57,54,-168476865.797000
58,54,-29933730.628537
59,54,-44486303.105594
244,54,59966342.087789
245,54,10654378.701403
246,54,15834107.891122
295,54,0.000000
296,54,-22881250.575464
297,54,33583066.096594
304,54,-0.028205
305,54,66464584.988241
306,54,-97550811.029343
307,54,0.053461
308,54,-79072621.004579
309,54,116055765.804174
310,54,-0.024342
311,54,55101787.085687
312,54,-80873506.098618
497,54,-0.000000
498,54,-19612500.493255
499,54,28785485.225652
42,55,12430108.484970
43,55,54468981.735595
44,55,8569689.795931
51,55,-36106505.587195
52,55,-158219423.075559
53,55,-24892908.448236
54,55,42955749.027762
55,55,188232943.556496
56,55,29614982.408817
57,55,-29933730.626979
58,55,-131170200.859579
59,55,-20637212.155511
244,55,10654378.701403
245,55,46687698.630510
246,55,7345448.396512
295,55,22881250.575464
296,55,-0.000000
297,55,-14908959.340957
304,55,-66464584.996612
305,55,-0.019055
306,55,43306977.124305
307,55,79072621.020434
308,55,0.036143
309,55,-51522117.978295
310,55,-55101787.092910
311,55,-0.016449
312,55,35903208.201212
497,55,19612500.493255
498,55,0.000000
499,55,-12779108.006535
42,56,18473125.872975
43,56,8569689.795931
44,56,62678920.791072
51,56,-53660032.282259
52,56,-24892908.446961
53,56,-182067341.272410
54,56,63839101.619176
55,56,29614982.408817
56,56,216604705.709593
57,56,-44486303.108151
58,56,-20637212.154782
59,56,-150941074.492724
244,56,15834107.891122
245,56,7345448.396512
246,56,53724789.249490
295,56,-33583066.096594
296,56,14908959.340957
297,56,-0.000000
304,56,97550811.017979
305,56,-43306977.126236
306,56,-0.015319
307,56,-116055765.783673
308,56,51522117.981487
309,56,0.027304
310,56,80873506.088971
311,56,-35903208.202806
312,56,-0.012954
497,56,-28785485.225652
498,56,12779108.006535
499,56,-0.000000
51,57,39977561.391859
52,57,7102919.134269
53,57,10556071.927414
54,57,-168476865.797000
55,57,-29933730.626979
56,57,-44486303.108151
57,57,293406745.042091
58,57,52130352.907873
59,57,77474027.856010
244,57,-164907440.686322
245,57,-29299541.428722
246,57,-43543796.675605
304,57,-0.000000
305,57,-13075000.328837
306,57,19190323.483768
307,57,-0.021210
308,57,55101787.087482
309,57,-80873506.099360
310,57,0.057415
311,57,-95961163.093647
312,57,140843266.968767
497,57,-0.033340
498,57,53934376.336973
499,57,-79160084.358011
597,57,86.488413
598,57,-26.291546
599,57,66.461806
697,57,166.190958
698,57,41.752219
699,57,-5.009442
51,58,7102919.134269
52,58,31125132.420340
53,58,4896965.597675
54,58,-29933730.628537
55,58,-131170200.859579
56,58,-20637212.154782
57,58,52130352.907873
58,58,228436239.589937
59,58,35940229.638021
244,58,-29299541.413727
245,58,-128391171.190020
246,58,-20199983.088716
304,58,13075000.328837
305,58,0.000000
306,58,-8519405.337690
307,58,-55101787.093768
308,58,-0.014347
309,58,35903208.202566
310,58,95961163.110675
311,58,0.038816
312,58,-62526349.871605
497,58,-53934376.346899
498,58,-0.022464
499,58,35142547.005880
597,58,49.304255
598,58,69.487012
599,58,-24.190742
697,58,1.893037
698,58,154.776853
699,58,29.620678
51,59,10556071.927414
52,59,4896965.597675
53,59,35816526.166327
54,59,-44486303.105594
55,59,-20637212.155511
56,59,-150941074.492724
57,59,77474027.856010
58,59,35940229.638021
59,59,262867718.663083
244,59,-43543796.700214
245,59,-20199983.081701
246,59,-147743170.383668
304,59,-19190323.483768
305,59,8519405.337690
306,59,-0.000000
307,59,80873506.091539
308,59,-35903208.203692
309,59,-0.010311
310,59,-140843266.946750
311,59,62526349.875033
312,59,0.029324
497,59,79160084.342215
498,59,-35142547.009229
499,59,-0.022052
597,59,-28.892599
598,59,37.747631
599,59,77.344189
697,59,60.062333
698,59,6.139458
699,59,160.375765
48,60,-24378976.996850
60,60,50499273.576282
61,60,-26120296.593707
301,60,-0.011122
313,60,0.019463
314,60,-0.008341
534,60,52.422086
634,60,53.143817
48,61,10448125.998054
60,61,-26120296.593707
61,61,15672170.599126
301,61,0.000000
313,61,-0.004767
314,61,0.004767
49,62,-2785838.516018
62,62,2785838.511446
302,62,-0.004678
315,62,0.004678
535,62,23.442474
635,62,23.765223
24,63,-78360853.034208
26,63,-117541279.551312
63,63,195902132.566230
277,63,-0.007944
279,63,-0.011916
316,63,0.019861
516,63,78.633037
518,63,117.949556
616,63,79.715632
618,63,119.573448
29,64,-2396439467.719918
30,64,-565244997.261645
31,64,-353458693.378513
64,64,2550732993.027865
65,64,609264999.042619
66,64,368065145.284922
67,64,-37617337.761346
68,64,-12946556.161284
72,64,-116676186.073003
73,64,-31073445.131315
74,64,-14606451.866680
282,64,-1132797.246557
283,64,1001150015.763245
284,64,-664882808.919345
317,64,0.059444
318,64,-1084909672.653418
319,64,691248170.790142
320,64,-1301798.916946
321,64,20534780.695042
325,64,2434596.124686
326,64,63224876.197453
327,64,-26365361.893748
519,64,37.059766
520,64,-14.022168
521,64,20.132084
537,64,18.999517
538,64,-9.758400
539,64,61.875351
540,64,-23.114079
541,64,30.198105
619,64,82.547713
620,64,22.267866
621,64,3.274380
637,64,43.850898
638,64,13.993686
639,64,128.300612
640,64,48.049867
641,64,4.911567
29,65,-562242699.050973
30,65,-3072396280.571514
31,65,-812035860.043366
64,65,609264999.042619
65,65,3244197563.610170
66,65,836768239.229794
67,65,-10418485.403207
68,65,-39954499.957268
72,65,-36603814.545437
73,65,-131846781.173626
74,65,-24732378.320950
282,65,-1002259724.019754
283,65,853372.377985
284,65,1465659987.536762
317,65,1084909672.689433
318,65,0.113390
319,65,-1507851686.652300
320,65,-22802131.874774
321,65,-2430437.622016
325,65,-59847816.697019
326,65,1577065.194894
327,65,42191698.953400
519,65,26.295621
520,65,46.127186
521,65,-15.409397
537,65,16.998087
538,65,19.496812
539,65,53.169445
540,65,69.190730
541,65,-21.033237
619,65,1.009620
620,65,88.635240
621,65,32.033267
637,65,1.454179
638,65,44.096957
639,65,-4.007554
640,65,132.952766
641,65,33.401775
29,66,-354041493.936975
30,66,-814196183.583174
31,66,-2738302724.900499
64,66,368065145.284922
65,66,836768239.229794
66,66,2827848246.041471
67,66,-930107.813375
68,66,-2295620.872766
72,66,-13093543.239610
73,66,-20276434.781986
74,66,-89545519.434921
282,66,665193980.416231
283,66,-1460071349.274308
284,66,1335843.700417
317,66,-691248170.796891
318,66,1507851686.697457
319,66,0.045024
320,66,2943539.339047
321,66,-6801967.218636
325,66,23110651.036786
326,66,-40978370.046820
327,66,-1335843.898307
519,66,-12.901738
520,66,35.446321
521,66,41.250263
539,66,-19.352594
540,66,39.443404
541,66,55.589610
619,66,15.797706
620,66,-2.671704
621,66,85.533802
639,66,23.696543
640,66,1.514429
641,66,123.821483
29,67,11930881.218715
30,67,3335207.567394
31,67,160826.105521
64,67,-37617337.761346
65,67,-10418485.403207
66,67,-930107.813375
67,67,14273416.686621
68,67,2033859.479171
69,67,-7836085.299563
72,67,19249125.189375
73,67,5049418.368735
74,67,769281.707895
282,67,-203046.620095
283,67,-6900053.240845
284,67,1033178.090470
317,67,1301798.907619
318,67,22802131.881432
319,67,-2943539.339047
320,67,-0.000000
321,67,-3707662.716375
322,67,0.000000
325,67,-1098752.285927
326,67,-12194415.925993
327,67,1910361.248760
537,67,-58.316036
538,67,9.758400
637,67,-83.708714
638,67,-13.993686
29,68,3646354.714539
30,68,13140802.172722
31,68,942360.115845
64,68,-12946556.161284
65,68,-39954499.957268
66,68,-2295620.872766
67,68,2033859.479171
68,68,17823255.077034
70,68,-19963941.292075
71,68,8679978.464686
72,68,7266341.969551
73,68,20274405.575394
74,68,1353260.758291
282,68,6267063.773819
283,68,-853372.358184
284,68,-3464917.056192
317,68,-20534780.706733
318,68,2430437.605353
319,68,6801967.218636
320,68,3707662.716375
321,68,-0.000000
323,68,0.000000
324,68,0.000000
325,68,10560054.219225
326,68,-1577065.248801
327,68,-3337050.163497
537,68,-16.998087
538,68,-66.676634
637,68,-1.454179
638,68,-91.926336
67,69,-7836085.299563
69,69,7836085.294933
320,69,-0.004767
322,69,0.004767
537,69,39.316519
637,69,39.857816
68,70,-19963941.292075
70,70,41997743.599734
71,70,-22033802.321869
321,70,-0.010963
323,70,0.019396
324,70,-0.008433
538,70,47.179822
638,70,47.829379
68,71,8679978.464686
70,71,-22033802.321869
71,71,13353823.860745
321,71,0.000000
323,71,-0.004767
324,71,0.004767
29,72,37255297.010276
30,72,11603271.777179
31,72,4866641.036882
64,72,-116676186.073003
65,72,-36603814.545437
66,72,-13093543.239610
67,72,19249125.189375
68,72,7266341.969551
72,72,120343527.918857
73,72,35468401.676113
74,72,16453804.408198
76,72,-135386468.874397
77,72,-41411548.289576
78,72,-18510529.958116
79,72,1509596.429602
80,72,75214704.949286
81,72,22167751.047570
82,72,10283627.755124
282,72,1335843.875648
283,72,-17048019.044756
284,72,8798050.080367
317,72,-2434596.156346
318,72,59847816.712094
319,72,-23110651.048294
320,72,1098752.285927
321,72,-10560054.219225
325,72,0.000000
326,72,-64479486.905460
327,72,28625201.934630
329,72,0.002220
330,72,76939502.529615
331,72,-32203352.176315
332,72,-4400079.763336
333,72,0.000000
334,72,-40299679.315913
335,72,17890751.209144
539,72,-123.750703
540,72,46.228158
541,72,-60.396210
639,72,-256.601224
640,72,-96.099733
641,72,-9.823133
29,73,8289825.924699
30,73,44410072.550950
31,73,8343530.652208
64,73,-31073445.131315
65,73,-131846781.173626
66,73,-20276434.781986
67,73,5049418.368735
68,73,20274405.575394
72,73,35468401.676113
73,73,134324606.276647
74,73,23865808.291125
76,73,-39901951.885384
77,73,-163144500.281550
78,73,-26849034.317612
79,73,12029318.282123
80,73,22167751.047570
81,73,83952878.922905
82,73,14916130.181953
282,73,18790716.863294
283,73,0.000000
284,73,-19012369.503946
317,73,-63224876.234781
318,73,-1577065.252930
319,73,40978370.053290
320,73,12194415.925993
321,73,1577065.248801
325,73,64479486.905460
326,73,-0.000000
327,73,-43932001.104902
329,73,-72539422.765110
330,73,3866230.342196
331,73,49423501.241575
332,73,-3866230.344289
333,73,40299679.315913
334,73,0.000000
335,73,-27457500.690564
539,73,-106.338890
540,73,-138.381461
541,73,42.066473
639,73,8.015107
640,73,-265.905533
641,73,-66.803551
29,74,5610267.968425
30,74,11446213.417464
31,74,37255297.010276
64,74,-14606451.866680
65,74,-24732378.320950
66,74,-89545519.434921
67,74,769281.707895
68,74,1353260.758291
72,74,16453804.408198
73,74,23865808.291125
74,74,111257356.867344
75,74,-6676911.930372
76,74,-18510529.953524
77,74,-29265743.119382
78,74,-117653000.520162
79,74,2416708.792249
80,74,10283627.755124
81,74,14916130.181953
82,74,65362778.082714
282,74,-10142399.691370
283,74,16888648.268552
284,74,-1335843.875648
317,74,26365361.909304
318,74,-42191698.983020
319,74,1335843.872309
320,74,-1910361.248760
321,74,3337050.163497
325,74,-28625201.934630
326,74,43932001.104902
327,74,-0.000000
328,74,0.000000
329,74,32203352.177079
330,74,-51791643.468405
331,74,-0.001464
332,74,2368142.226234
333,74,-17890751.209144
334,74,27457500.690564
335,74,0.000000
539,74,38.705188
540,74,-78.886809
541,74,-147.471420
639,74,-47.393085
640,74,-3.028859
641,74,-284.434825
74,75,-6676911.930372
75,75,6676911.925743
327,75,-0.004767
328,75,0.004767
541,75,36.292201
641,75,36.791860
72,76,-135386468.874397
73,76,-39901951.885384
74,76,-18510529.953524
76,76,304619554.890179
77,76,93175983.651300
78,76,41648692.392937
79,76,-3396591.966903
80,76,-169233086.092996
81,76,-49877439.856730
82,76,-23138162.441905
325,76,-0.014434
326,76,72539422.750101
327,76,-32203352.170738
329,76,0.027482
330,76,-173113880.648716
331,76,72457542.383836
332,76,9900179.466307
333,76,-0.018042
334,76,90674278.437626
335,76,-40254190.213422
539,76,61.875351
540,76,-23.114079
541,76,30.198105
542,76,77.344189
543,76,-28.892599
544,76,37.747631
639,76,128.300612
640,76,48.049867
641,76,4.911567
642,76,160.375765
643,76,60.062333
644,76,6.139458
72,77,-41411548.289576
73,77,-163144500.281550
74,77,-29265743.119382
76,77,93175983.651300
77,77,399783073.027086
78,77,65847921.995599
79,77,-32707947.538595
80,77,-51764435.361971
81,77,-203930625.351937
82,77,-36582178.899228
325,77,-76939502.519106
326,77,-3866230.380092
327,77,51791643.448530
329,77,173113880.658843
330,77,0.097687
331,77,-116531197.755744
332,77,8699018.263216
333,77,-96174378.148882
334,77,-4832787.975115
335,77,64739554.310662
539,77,53.169445
540,77,69.190730
541,77,-21.033237
542,77,66.461806
543,77,86.488413
544,77,-26.291546
639,77,-4.007554
640,77,132.952766
641,77,33.401775
642,77,-5.009442
643,77,166.190958
644,77,41.752219
72,78,-18510529.958116
73,78,-26849034.317612
74,78,-117653000.520162
76,78,41648692.392937
77,78,65847921.995599
78,78,264719251.105739
79,78,-5437594.781833
80,78,-23138162.447644
81,78,-33561292.897015
82,78,-147066250.650203
325,78,32203352.168546
326,78,-49423501.236762
327,78,-0.014704
329,78,-72457542.380623
330,78,116531197.789634
331,78,0.036378
332,78,-5328320.008819
333,78,40254190.210682
334,78,-61779376.545952
335,78,-0.018380
539,78,-19.352594
540,78,39.443404
541,78,55.589610
542,78,-24.190742
543,78,49.304255
544,78,69.487012
639,78,23.696543
640,78,1.514429
641,78,123.821483
642,78,29.620678
643,78,1.893037
644,78,154.776853
72,79,1509596.429602
73,79,12029318.282123
74,79,2416708.792249
76,79,-3396591.966903
77,79,-32707947.538595
78,79,-5437594.781833
79,79,5641981.409759
80,79,1886995.537002
81,79,15036647.852654
82,79,3020885.990311
325,79,4400079.763336
326,79,3866230.344289
327,79,-2368142.226234
329,79,-9900179.466307
330,79,-8699018.280405
331,79,5328320.008819
332,79,0.004767
333,79,5500099.704170
334,79,4832787.930361
335,79,-2960177.782793
72,80,75214704.949286
73,80,22167751.047570
74,80,10283627.755124
76,80,-169233086.092996
77,80,-51764435.361971
78,80,-23138162.447644
80,80,171821337.080469
79,80,1886995.537002
81,80,45443889.647519
82,80,21081436.898004
83,80,-29385319.879148
84,80,11754127.956289
85,80,-209192847.043157
86,80,-64147255.250427
87,80,-27693452.645748
88,80,93138176.956387
89,80,29008159.021195
90,80,12166594.026919
91,80,55882906.173832
92,80,17404895.412717
93,80,7299956.416151
325,80,0.000000
326,80,-40299679.315913
327,80,17890751.209144
329,80,0.002775
330,80,96174378.162019
331,80,-40254190.220394
332,80,-5500099.704170
333,80,0.000000
334,80,-82614342.597621
335,80,36676039.978745
336,80,0.000000
337,80,0.000000
338,80,-5343371.738965
339,80,100431771.623317
340,80,-49504776.514140
341,80,3339607.338034
342,80,-42620017.607387
343,80,21995109.716354
344,80,2003764.402821
345,80,-25572010.564432
346,80,13197065.829812
542,80,-198.194318
543,80,52.006678
544,80,-67.945736
642,80,-348.463101
643,80,-108.112200
644,80,-11.051025
72,81,22167751.047570
73,81,83952878.922905
74,81,14916130.181953
76,81,-49877439.856730
77,81,-203930625.351937
78,81,-33561292.897015
80,81,45443889.647519
81,81,172103401.791954
79,81,15036647.852654
82,81,30578066.873004
85,81,-50893481.192898
86,81,-244802468.230041
87,81,-45307003.242550
88,81,20724550.221658
89,81,111025103.215672
90,81,20858811.945911
91,81,12434730.132995
92,81,66615061.929403
93,81,12515287.167546
325,81,40299679.315913
326,81,-0.000000
327,81,-27457500.690564
329,81,-90674278.456388
330,81,4832787.927745
331,81,61779376.551969
332,81,-4832787.930361
333,81,82614342.597621
334,81,-0.000000
335,81,-56287876.415656
338,81,-107402557.987589
339,81,-0.000413
340,81,98015425.026159
341,81,46976759.086583
342,81,-0.000000
343,81,-47530890.298105
344,81,28186055.451950
345,81,-0.000000
346,81,-28518534.178863
542,81,-119.631251
543,81,-155.679143
544,81,47.324782
642,81,9.016996
643,81,-299.143724
644,81,-75.153995
72,82,10283627.755124
73,82,14916130.181953
74,82,65362778.082714
76,82,-23138162.441905
77,82,-36582178.899228
78,82,-147066250.650203
80,82,21081436.898004
81,82,30578066.873004
82,82,133993695.069563
79,82,3020885.990311
85,82,-30667958.270845
86,82,-57717725.581770
87,82,-201311305.553160
88,82,14025660.046993
89,82,28615513.398332
90,82,93138176.956387
91,82,8415396.028196
92,82,17169308.038999
93,82,55882906.173832
325,82,-17890751.209144
326,82,27457500.690564
327,82,-0.000000
329,82,40254190.221349
330,82,-64739554.335507
331,82,-0.001830
332,82,2960177.782793
333,82,-36676039.978745
334,82,56287876.415656
335,82,-0.000000
338,82,54882171.172093
339,82,-89520546.065018
340,82,5343371.737348
341,82,-25355981.377808
342,82,42221590.947368
343,82,-3339607.338034
344,82,-15213588.826685
345,82,25332954.568421
346,82,-2003764.402821
542,82,43.543336
543,82,-88.747660
544,82,-125.076622
642,82,-53.317221
643,82,-3.407466
644,82,-278.598336
80,83,-29385319.879148
83,83,56811618.416815
84,83,-27426298.552328
333,83,-0.011916
336,83,0.019860
337,83,-0.007944
542,83,58.974778
642,83,59.786724
80,84,11754127.956289
83,84,-27426298.552328
84,84,15672170.599126
333,84,0.000000
336,84,-0.004767
337,84,0.004767
80,85,-209192847.043157
81,85,-50893481.192898
82,85,-30667958.270845
85,85,927596352.298887
86,85,230796542.681530
87,85,134654835.663532
88,85,-470789783.565880
89,85,-117547449.451351
90,85,-68225994.558262
91,85,-299903944.271906
92,85,-74614898.452442
93,85,-43522953.682606
94,85,52290222.466171
95,85,12259286.368381
96,85,7762070.844709
333,85,5343371.720026
334,85,107402557.967157
335,85,-54882171.163846
338,85,0.063480
339,85,-412638288.127386
340,85,248972773.733063
341,85,-3339607.368104
342,85,199842881.176193
343,85,-127386923.558473
344,85,-2003764.420436
345,85,127162168.564098
346,85,-81296391.697953
347,85,0.000000
348,85,-21769319.575440
349,85,14592712.687620
542,85,61.875351
543,85,-23.114079
544,85,30.198105
642,85,128.300612
643,85,48.049867
644,85,4.911567
80,86,-64147255.250427
81,86,-244802468.230041
82,86,-57717725.581770
85,86,230796542.681530
86,86,1153765489.432053
87,86,285818028.361052
88,86,-109263840.633230
89,86,-596086181.327011
90,86,-150013947.070806
91,86,-69644733.168737
92,86,-380039143.146399
93,86,-95969374.466800
94,86,12259286.368381
95,86,67162303.138324
96,86,17883018.710603
333,86,-100431771.612896
334,86,-0.028634
335,86,89520546.047883
338,86,412638288.152309
339,86,0.106506
340,86,-515648449.598290
341,86,-204199622.667929
342,86,-0.047255
343,86,279725799.897060
344,86,-129776213.457655
345,86,-0.027575
346,86,178552168.073295
347,86,21769319.575440
348,86,-0.000000
349,86,-32150064.412258
542,86,53.169445
543,86,69.190730
544,86,-21.033237
642,86,-4.007554
