0,0,1482036599736058.000000
235,0,-1419915302980610.750000
688,0,18156.901042
1,1,7242588255366755.000000
236,1,-6939006709572896.000000
489,1,-0.099051
689,1,18156.901042
2,2,3276229210736779.000000
237,2,-3138902235675913.000000
490,2,0.041666
690,2,18156.901042
3,3,60506192812290.812500
4,3,82686126134746.031250
5,3,36676517789185.757812
6,3,-14152770934542.462891
7,3,-13614657648645.718750
11,3,-63628524234709.578125
12,3,-71702269469294.031250
13,3,-24178141112177.234375
14,3,22597210931534.738281
15,3,25309162818944.878906
16,3,8555505245693.339844
235,3,-19474879514864.214844
236,3,-22140248597359.531250
237,3,-7439224278528.865234
256,3,-190497302552.551270
257,3,-129023034015230.156250
258,3,35913972459243.390625
259,3,41251635027641.125000
260,3,-10382757893071.033203
264,3,316933564351.579102
265,3,91958400170353.109375
266,3,-26765881400109.625000
267,3,-161838416390.153442
268,3,-32513689471747.339844
269,3,9470701282994.308594
488,3,35402150792.187500
489,3,28326688287183.070312
490,3,-8236034443457.947266
588,3,38.672095
589,3,-14.446299
590,3,18.873816
688,3,80.187883
689,3,30.031167
690,3,3.069729
3,4,82686126134746.031250
4,4,658751217078409.375000
5,4,121194986909052.265625
6,4,-164737704380429.937500
7,4,-4964973540267.851562
11,4,-79789567128397.578125
12,4,-463289592516827.625000
13,4,-110831894737374.765625
14,4,25309162818944.898438
15,4,140774788469686.968750
16,4,34544801061490.750000
235,4,-28205721822941.917969
236,4,-171498708854434.718750
237,4,-39942919742651.968750
256,4,128865290093395.796875
257,4,-85015298953.628906
258,4,-203320861468157.843750
259,4,36336817629884.523438
260,4,22106670026752.195312
264,4,-115268321878006.031250
265,4,-20720900583384.781250
266,4,179033471340818.718750
267,4,32379676966172.992188
268,4,4343868691.364746
269,4,-58708614844606.515625
488,4,-45976645208542.906250
489,4,-15535245596676.324219
490,4,60889334952612.437500
588,4,33.230903
589,4,43.244207
590,4,-13.145773
688,4,-2.504721
689,4,83.095479
690,4,20.876110
3,5,36676517789185.757812
4,5,121194986909052.265625
5,5,482676327995870.687500
6,5,-22657132239650.625000
7,5,-95486632107735.187500
11,5,-31957945483101.257812
12,5,-100722089746937.875000
13,5,-371795476053448.500000
14,5,8555505245693.341797
15,5,34544801061490.730469
16,5,117089949812346.187500
235,5,-13274077555720.035156
236,5,-32360565983752.089844
237,5,-132484169818933.484375
256,5,-35889575049940.054688
257,5,203288766866818.875000
258,5,11004562178.718750
259,5,-22201810895193.332031
260,5,27253933858484.992188
264,5,32658295586911.167969
265,5,-178925708762479.781250
266,5,-15591984790911.593750
267,5,-9449974322566.535156
268,5,58681348602008.875000
269,5,9348875664.851562
488,5,12681253787503.425781
489,5,-60842595822400.765625
490,5,-11682302496078.859375
509,5,47.179822
588,5,-12.095371
589,5,24.652128
590,5,34.743506
609,5,47.829379
688,5,14.810339
689,5,0.946518
690,5,77.388427
3,6,-14152770934542.462891
4,6,-164737704380429.937500
5,6,-22657132239650.625000
6,6,51960419891771.273438
11,6,8087297675171.840820
12,6,64444162604828.843750
13,6,12946932712526.089844
235,6,6065473256378.884766
236,6,48333121953621.632812
237,6,9710199534394.570312
256,6,-41251635027641.148438
257,6,-36156560477606.703125
258,6,22201810895193.335938
259,6,-90128619756.342896
264,6,23572362879783.976562
265,6,20712393764269.238281
266,6,-12686749084161.300781
488,6,17679272159837.984375
489,6,15534295323201.921875
490,6,-9515061813120.968750
3,7,-13614657648645.718750
4,7,-4964973540267.851562
5,7,-95486632107735.187500
7,7,25459273356573.058594
8,7,-27775295802.160011
9,7,-96769900720.406128
10,7,54696011570.868706
11,7,7779804372398.253906
12,7,2837127736535.204102
13,7,40055547418957.921875
235,7,5834853279298.691406
236,7,2127845802401.400879
237,7,30041660564218.437500
256,7,10382757893071.033203
257,7,-22106670026752.195312
258,7,-27253933913981.187500
260,7,-43383059384.390343
261,7,17251129085.139206
262,7,60103412092.964859
263,7,-33971481793.715111
264,7,-5933004510827.291016
265,7,12632382875476.199219
266,7,15573676519729.574219
488,7,-4449753383120.468750
489,7,9474287156607.152344
490,7,11680257389797.187500
509,7,-142.446801
609,7,-144.407963
7,8,-27775295802.160011
8,8,27775295790.585796
260,8,17251129073.222679
261,8,-17251129073.222679
509,8,58.974778
609,8,59.786724
7,9,-96769900720.406128
9,9,240346858600.348877
10,9,-143576958056.761200
260,9,60103412008.632446
262,9,-149278506765.160950
263,9,89175094756.528519
509,9,36.292201
609,9,36.791860
7,10,54696011570.868706
9,10,-143576958056.761200
10,10,88880946580.801041
260,10,-33971481793.715103
262,10,89175094854.244003
263,10,-55203613060.528900
3,11,-63628524234709.578125
4,11,-79789567128397.578125
5,11,-31957945483101.257812
11,11,108993048969580.453125
6,11,8087297675171.840820
7,11,7779804372398.253906
12,11,122323605850721.156250
13,11,41315918920179.609375
14,11,-56493027322335.960938
15,11,-63272907046712.515625
16,11,-21388763113211.820312
235,11,11128502582391.509766
236,11,12651570627325.464844
237,11,4250985302401.471680
256,11,316933566348.168701
257,11,115530763054708.859375
258,11,-32698885912743.523438
259,11,-23572362879783.972656
260,11,5933004510827.289062
264,11,-701299804057.932129
265,11,-157055944812397.562500
266,11,45736329215782.804688
267,11,404596036828.130371
268,11,81284223663665.562500
269,11,-23676753206351.281250
488,11,-20229802048.770081
489,11,-16186679027472.259766
490,11,4706305396694.525391
510,11,77.344189
511,11,-28.892599
512,11,37.747631
610,11,160.375765
611,11,60.062333
612,11,6.139458
3,12,-71702269469294.031250
4,12,-463289592516827.625000
5,12,-100722089746937.875000
11,12,122323605850721.156250
12,12,680402065493902.875000
6,12,64444162604828.843750
7,12,2837127736535.204102
13,12,166971124525777.031250
14,12,-63272907009222.023438
15,12,-351936971066371.937500
16,12,-86362002652902.640625
235,12,12651570627325.476562
236,12,70380335422268.937500
237,12,17275840119415.242188
256,12,-91695959001520.734375
257,12,20703886968915.882812
258,12,178979105147449.187500
259,12,-20712393764269.226562
260,12,-12632382875476.199219
264,12,156475223924911.812500
265,12,18823555571.328125
266,12,-283761531808281.875000
267,12,-80949192399035.968750
268,12,-10859736477.486328
269,12,146771537068201.875000
488,12,16169927464275.468750
489,12,542983586.428467
490,12,-29356727527850.437500
510,12,66.461806
511,12,86.488413
512,12,-26.291546
610,12,-5.009442
611,12,166.190958
612,12,41.752219
3,13,-24178141112177.234375
4,13,-110831894737374.765625
5,13,-371795476053448.500000
11,13,41315918920179.609375
12,13,166971124525777.031250
13,13,565926226272289.000000
6,13,12946932712526.089844
7,13,40055547418957.921875
14,13,-21388763111208.121094
15,13,-86362002620758.234375
16,13,-292724874442305.750000
235,13,4250985302401.472656
236,13,17275840119415.234375
237,13,58538576762034.132812
256,13,26725291086443.941406
257,13,-178980074978996.937500
258,13,15555368269856.515625
259,13,12686749084161.294922
260,13,-15573676519729.572266
264,13,-45646512346943.804688
265,13,283643378127313.250000
266,13,40511878749.937500
267,13,23624935787909.882812
268,13,-146703371484471.437500
269,13,-23372234635.875000
488,13,-4703714526641.052734
489,13,29353319247525.738281
490,13,1168609458.117188
510,13,-24.190742
511,13,49.304255
512,13,69.487012
610,13,29.620678
611,13,1.893037
612,13,154.776853
3,14,22597210931534.738281
4,14,25309162818944.898438
5,14,8555505245693.341797
11,14,-56493027322335.960938
12,14,-63272907009222.023438
13,14,-21388763111208.121094
14,14,33917762361525.988281
15,14,37963744228417.343750
16,14,12833257868540.011719
17,14,-5728066834513.621094
18,14,5742008422944.720703
256,14,-161838416390.146484
257,14,-32513689471747.343750
258,14,9470701282994.300781
264,14,404596044942.991211
265,14,81284223681163.515625
266,14,-23676753213248.562500
267,14,-256388178299.672424
268,14,-48770534207621.015625
269,14,14206051924491.468750
270,14,-1455089495011.177490
271,14,1468720048725.623047
510,14,-181.329068
511,14,48.154331
512,14,-62.912718
514,14,51.562793
515,14,-19.261733
516,14,25.165087
610,14,-320.436759
611,14,-100.103889
612,14,-10.232430
614,14,106.917177
615,14,40.041556
616,14,4.092972
3,15,25309162818944.878906
4,15,140774788469686.968750
5,15,34544801061490.730469
11,15,-63272907046712.515625
12,15,-351936971066371.937500
13,15,-86362002620758.234375
14,15,37963744228417.343750
15,15,211249966561496.625000
16,15,51817201592236.109375
21,15,-87783856919.831009
256,15,32379676966172.996094
257,15,4343868691.368652
258,15,-58708614844606.531250
264,15,-80949192399923.234375
265,15,-10859681724.552734
266,15,146771537106003.218750
267,15,48569515449259.484375
268,15,-48006411893.407425
269,15,-88062922266909.765625
274,15,54522214930.479637
510,15,-110.769677
511,15,-196.569441
512,15,43.819243
514,15,44.307871
515,15,57.658942
516,15,-17.527697
610,15,8.349070
611,15,-330.128747
612,15,-69.587032
614,15,-3.339628
615,15,110.793972
616,15,27.834813
3,16,8555505245693.339844
4,16,34544801061490.750000
5,16,117089949812346.187500
11,16,-21388763113211.820312
12,16,-86362002652902.640625
13,16,-292724874442305.750000
14,16,12833257868540.011719
15,16,51817201592236.109375
16,16,175634924718519.281250
256,16,-9449974322566.535156
257,16,58681348602008.843750
258,16,9348875664.812500
264,16,23624935805359.902344
265,16,-146703371498918.062500
266,16,-23372194209.687500
267,16,-14174961483849.804688
268,16,88022022903013.296875
269,16,14023313497.250000
510,16,40.317904
511,16,-82.173759
512,16,-115.811687
514,16,-16.127162
515,16,32.869504
516,16,46.324675
610,16,-49.367797
611,16,-3.155061
612,16,-257.961422
614,16,19.747119
615,16,1.262025
616,16,103.184569
17,17,185002690663293184.000000
14,17,-5728066834513.621094
18,17,-186160465505874176.000000
267,17,5888510742730.142578
270,17,-4419790694004.519531
271,17,-1468720048725.623047
510,17,52.422086
610,17,53.143817
613,17,17179.064941
17,18,-186160465505874176.000000
18,18,187325507921967296.000000
14,18,5742008422944.720703
267,18,-5911829121034.076172
270,18,5911829121034.076172
513,18,-27.579399
517,18,27.579399
613,18,-17315.068478
617,18,27.959103
19,19,70218725255.261490
25,19,-70218725300.981491
272,19,-43340000771.861557
278,19,43340000771.861557
517,19,46.884948
617,19,47.530445
20,20,17554681313.815372
25,20,-17554681325.245373
273,20,-10835000192.965389
278,20,10835000192.965389
517,20,46.884948
617,20,47.530445
15,21,-87783856919.831009
21,21,87783856873.534103
268,21,54522214882.813492
274,21,-54522214882.813492
511,21,52.422086
611,21,53.143817
22,22,8649954018561.100586
23,22,9994900109772.228516
24,22,3230400677038.028320
100,22,-25342707888611.125000
101,22,-28972256028465.546875
102,22,-9606878628872.146484
103,22,16692753873587.267578
104,22,18977355940988.207031
105,22,6376477953602.208984
275,22,15940777390.091370
276,22,-12464859922121.617188
277,22,3387238105377.241211
353,22,14403927972.052246
354,22,36744878464470.828125
355,22,-10446696203848.832031
356,22,-30344703073.152222
357,22,-24280018541208.390625
358,22,7059458095041.789062
510,22,51.562793
511,22,-19.261733
512,22,25.165087
514,22,-111.201782
515,22,40.081742
516,22,-60.150861
519,22,20.966895
520,22,-6.373710
521,22,16.111958
610,22,106.917177
611,22,40.041556
612,22,4.092972
614,22,-227.393789
615,22,-80.194476
616,22,-5.948291
619,22,40.288730
620,22,10.121753
621,22,-1.214411
22,23,9994900109772.228516
23,23,54217071728353.859375
24,23,13073358801445.460938
100,23,-28972256050470.402344
101,23,-159787574798611.718750
102,23,-38987118960957.875000
103,23,18977355940988.207031
104,23,105570503133403.406250
105,23,25913760179122.859375
275,23,12362592760824.789062
276,23,-735123470563.968018
277,23,-22499663744184.488281
353,23,-36617483948115.281250
354,23,734308989244.730469
355,23,66534755032777.046875
356,23,24254891196413.210938
357,23,814475379.642090
358,23,-44035091291775.664062
510,23,44.307871
511,23,57.658942
512,23,-17.527697
514,23,-89.491324
515,23,-117.748490
516,23,36.537894
519,23,11.952551
520,23,16.845342
521,23,-5.864424
610,23,-3.339628
611,23,110.793972
612,23,27.834813
614,23,5.385431
615,23,-231.411124
616,23,-55.891695
619,23,0.458918
620,23,37.521673
621,23,7.180773
22,24,3230400677038.028320
23,24,13073358801445.460938
24,24,44332638578794.515625
26,24,74067455503.291260
63,24,-123445759152.861694
100,24,-9606878630098.646484
101,24,-38987118980113.492188
102,24,-132091125365430.687500
103,24,6376477953602.208984
104,24,25913760179122.859375
105,24,87807865143051.203125
275,24,-3630176320554.539062
276,24,22067474289254.582031
277,24,-202176214631.064453
279,24,-46003010893.704529
316,24,76671684822.840866
353,24,10685748109894.814453
354,24,-66097453156905.984375
355,24,169754623498.890625
356,24,-7055571789961.580078
357,24,44029978871288.593750
358,24,1752914187.156250
510,24,-16.127162
511,24,32.869504
512,24,46.324675
514,24,35.226801
515,24,-66.672575
516,24,-178.451331
519,24,-7.004269
520,24,9.150944
521,24,18.750112
610,24,19.747119
611,24,1.262025
612,24,103.184569
614,24,-49.118028
615,24,-3.696897
616,24,-299.167613
619,24,14.560570
620,24,1.488354
621,24,38.878986
19,25,-70218725300.981491
25,25,87773406683.376877
20,25,-17554681325.245373
272,25,43340000818.639542
273,25,10835000204.659885
278,25,-54175001023.299423
513,25,27.579399
517,25,-121.349295
613,25,27.959103
617,25,-123.019994
26,26,155279660355.274231
24,26,74067455503.291260
27,26,-7900539699.395946
28,26,-36277937343.070244
63,26,-185168638729.292603
277,26,-46003010893.704536
279,26,-96443598046.607651
280,26,4906994737.705762
281,26,22532086968.345078
316,26,115007527234.261322
518,26,-183.102666
618,26,-185.623565
26,27,-7900539699.395946
27,27,7900539687.821718
279,27,4906994725.789228
280,27,-4906994725.789228
518,27,31.453237
618,27,31.886275
26,28,-36277937343.070244
28,28,36277937296.773346
279,28,22532086920.678940
281,28,-22532086920.678940
518,28,33.699873
618,28,34.163842
29,29,6439396013018.353516
30,29,6352173119653.899414
31,29,3158792454777.061035
32,29,-31450192186.886375
33,29,13674002892.717182
64,29,-20389765752519.121094
65,29,-19769997455528.875000
66,29,-8824341615581.355469
67,29,2546269124286.835938
68,29,3987450616920.297363
72,29,11421876808902.468750
73,29,9430373751352.652344
74,29,5665549162207.562500
282,29,-57913131148.229065
283,29,-9318866797892.105469
284,29,4937106547438.091797
285,29,19533593062.917866
286,29,-8492870448.428777
317,29,890158924547.681519
318,29,31175313841185.777344
319,29,-13234454375523.091797
320,29,116166161491.861084
321,29,-6188440941485.234375
325,29,-959452675234.156982
326,29,-15668006099912.060547
327,29,8297347823916.971680
514,29,20.966895
515,29,-6.373710
516,29,16.111958
519,29,-162.865425
520,29,37.923575
521,29,-80.551913
522,29,57.658942
523,29,-17.527697
524,29,44.307871
614,29,40.288730
615,29,10.121753
616,29,-1.214411
619,29,-281.459794
620,29,-60.224432
621,29,1.279659
622,29,110.793972
623,29,27.834813
624,29,-3.339628
29,30,6352173119653.899414
30,30,63490396897753.890625
31,30,19796776031150.917969
64,30,-27028472252711.929688
65,30,-182620934181349.218750
66,30,-48278602549667.757812
67,30,4446055883114.232422
68,30,27045559052906.316406
72,30,16230243250716.580078
73,30,92084978363189.953125
74,30,28481826550709.734375
282,30,9272779317063.417969
283,30,-38988386246.147461
284,30,-34797748798546.039062
317,30,-37065290749812.367188
318,30,-2690706043882.898438
319,30,76569981563356.468750
320,30,8869793975420.240234
321,30,1796329477153.316406
325,30,18922717471634.597656
326,30,933364944346.780273
327,30,-41772232770487.406250
514,30,11.952551
515,30,16.845342
516,30,-5.864424
519,30,-71.117676
520,30,-109.297203
521,30,37.400983
522,30,32.869504
523,30,46.324675
524,30,-16.127162
614,30,0.458918
615,30,37.521673
616,30,7.180773
619,30,-2.730563
620,30,-229.341482
621,30,-58.961159
622,30,1.262025
623,30,103.184569
624,30,19.747119
29,31,3158792454777.061035
30,31,19796776031150.917969
31,31,58132611272127.851562
64,31,-5057527769920.507812
65,31,-46008003725569.625000
66,31,-138451179351572.078125
67,31,-2152082234573.161621
68,31,3224544149107.197266
72,31,4050817548136.125977
73,31,22986683540200.226562
74,31,80318568143277.687500
282,31,-4980631032104.705078
283,31,34754644323917.941406
284,31,-73895178400.808594
317,31,6571739230112.921875
318,31,-91637113616132.031250
319,31,-2933309481819.757812
320,31,2756313283980.202148
321,31,9481190271179.318359
325,31,-4347421481874.042969
326,31,47401279025898.445312
327,31,3007204655242.519531
514,31,-7.004269
515,31,9.150944
516,31,18.750112
519,31,39.167740
520,31,-69.762353
521,31,-111.563168
522,31,-19.261733
523,31,25.165087
524,31,51.562793
614,31,14.560570
615,31,1.488354
616,31,38.878986
619,31,-70.399832
620,31,-2.909622
621,31,-231.329964
622,31,40.041556
623,31,4.092972
624,31,106.917177
29,32,-31450192186.886375
32,32,66161139627.751556
33,32,-34710947476.389145
282,32,19533593035.509853
285,32,-41092428612.480392
286,32,21558835576.970547
519,32,47.179822
619,32,47.829379
29,33,13674002892.717182
32,33,-34710947476.389145
33,33,21036944592.575218
282,33,-8492870448.428782
285,33,21558835586.137115
286,33,-13065965137.708340
519,34,57.658942
520,34,-17.527697
521,34,44.307871
522,34,-126.849672
523,34,38.560934
524,34,-97.477315
525,34,69.190730
526,34,-21.033237
527,34,53.169445
619,34,110.793972
620,34,27.834813
621,34,-3.339628
622,34,-243.746738
623,34,-61.236588
624,34,7.347182
625,34,132.952766
626,34,33.401775
627,34,-4.007554
35,35,4030885986.069209
37,35,-4030885974.494985
288,35,-2503567736.577408
290,35,2503567736.577408
519,35,32.869504
520,35,46.324675
521,35,-16.127162
522,35,-72.312908
523,35,-124.380878
524,35,35.479756
525,35,39.443404
526,35,55.589610
527,35,-19.352594
619,35,1.262025
620,35,103.184569
621,35,19.747119
622,35,-2.776454
623,35,-249.781958
624,35,-43.443662
625,35,1.514429
626,35,123.821483
627,35,23.696543
519,36,-19.261733
520,36,25.165087
521,36,51.562793
522,36,42.375812
523,36,-55.363192
524,36,-113.438144
525,36,-23.114079
526,36,30.198105
527,36,61.875351
619,36,40.041556
620,36,4.092972
621,36,106.917177
622,36,-88.091422
623,36,-9.004539
624,36,-235.217789
625,36,48.049867
626,36,4.911567
627,36,128.300612
35,37,-4030885974.494985
37,37,4030885962.920761
288,37,2503567724.660874
290,37,-2503567724.660874
523,37,22.466593
623,37,22.775906
522,38,69.190730
523,38,-21.033237
524,38,53.169445
525,38,-132.091455
526,38,40.154379
527,38,-101.505350
528,38,62.900724
529,38,-19.121143
530,38,48.335905
622,38,132.952766
623,38,33.401775
624,38,-4.007554
625,38,-253.819034
626,38,-63.767055
627,38,7.650788
628,38,120.866267
629,38,30.365280
630,38,-3.643234
522,39,39.443404
523,39,55.589610
524,39,-19.352594
525,39,-75.301079
526,39,-106.125667
527,39,36.945878
528,39,35.857675
529,39,50.536057
530,39,-17.593284
622,39,1.514429
623,39,123.821483
624,39,23.696543
625,39,-2.891185
626,39,-236.386575
627,39,-45.238875
628,39,1.376755
629,39,112.565092
630,39,21.542332
40,40,3672766388.592955
41,40,-3672766377.018730
293,40,-2281141036.051464
294,40,2281141036.051464
522,40,-23.114079
523,40,30.198105
524,40,61.875351
525,40,44.126898
526,40,-57.650954
527,40,-139.571098
528,40,-21.012819
529,40,27.452849
530,40,56.250373
622,40,48.049867
623,40,4.911567
624,40,128.300612
625,40,-91.731606
626,40,-9.376632
627,40,-266.678271
628,40,43.681739
629,40,4.465065
630,40,116.637032
40,41,-3672766377.018730
41,41,3672766365.444506
293,41,2281141024.134930
294,41,-2281141024.134930
527,41,21.445374
627,41,21.740627
42,42,411627376410523328.000000
43,42,16204524521277.074219
44,42,20314140864660.796875
45,42,-414177116530753600.000000
51,42,-64778096804052.421875
52,42,-27007540846705.132812
53,42,-33856901441060.207031
54,42,25911238724592.406250
55,42,10803016347518.054688
56,42,13542760576440.521484
295,42,-70325329339.892334
296,42,-30131977094296.164062
297,42,54694026245450.726562
304,42,117208887035.699707
305,42,50219961825216.554688
306,42,-91156710415276.687500
307,42,-46883552893.261963
308,42,-20087984729530.773438
309,42,36462684163633.804688
525,42,62.900724
526,42,-19.121143
527,42,48.335905
528,42,-149.389137
529,42,45.412688
530,42,-114.797711
625,42,120.866267
626,42,30.365280
627,42,-3.643234
628,42,-17466.122167
629,42,-72.117499
630,42,8.652676
631,42,17179.064941
42,43,16204524521277.074219
43,43,170146012724667.500000
44,43,36295320496952.093750
51,43,-27007540868370.320312
52,43,-283576687787134.437500
53,43,-60492200806758.601562
54,43,10803016347518.072266
55,43,113430675149778.343750
56,43,24196880331301.402344
295,43,30091085834584.949219
296,43,-456656804.765625
297,43,-68021267938611.382812
304,43,-50151809717901.187500
305,43,761088751.876953
306,43,113368779897201.265625
307,43,20060723889723.296875
308,43,-304437869.833984
309,43,-45347511959074.226562
525,43,35.857675
526,43,50.536057
527,43,-17.593284
528,43,-85.161930
529,43,-120.023070
530,43,41.784026
625,43,1.376755
626,43,112.565092
627,43,21.542332
628,43,-3.269792
629,43,-267.341946
630,43,-51.163010
44,44,424210513442911168.000000
42,44,20314140864660.796875
43,44,36295320496952.093750
46,44,-424023932249688768.000000
51,44,-33856901429727.714844
52,44,-60492200825073.023438
53,44,-310968655268351.250000
54,44,13542760576440.548828
55,44,24196880331301.382812
56,44,124387462148295.531250
295,44,-54695949102420.789062
296,44,68007046720868.140625
297,44,8490539024.046875
299,44,22.168959
304,44,91159915162882.515625
305,44,-113345077863774.437500
306,44,-14150894930.687500
307,44,-36463966068280.539062
308,44,45338031147245.421875
309,44,5660359364.140625
525,44,-21.012819
526,44,27.452849
527,44,56.250373
528,44,49.905418
529,44,-65.200480
530,44,-133.594563
625,44,43.681739
626,44,4.465065
627,44,116.637032
628,44,-103.744072
629,44,-10.604523
630,44,-17672.846131
632,44,17395.833333
42,45,-414177116530753600.000000
45,45,416782004056104320.000000
531,45,-35.064287
532,45,-31.567876
533,45,35.064287
534,45,31.567876
628,45,17287.109375
631,45,-17368.037774
632,45,-2.700619
633,45,80.928399
634,45,2.700619
44,46,-424023932249688768.000000
46,46,424023932249688768.000000
297,46,22.168959
299,46,-22.168959
531,46,18.009475
532,46,-36.208364
533,46,-18.009475
534,46,36.208364
630,46,17395.833333
631,46,-25.825847
632,46,-17477.727682
633,46,25.825847
634,46,81.894349
531,47,35.064287
532,47,31.567876
533,47,-79.691605
534,47,-71.745212
535,47,44.627318
536,47,40.177336
631,47,80.928399
632,47,2.700619
633,47,-183.928279
634,47,-6.137773
635,47,102.999880
636,47,3.437155
48,48,87783856966.127945
60,48,-153621672332.928284
61,48,65837815474.826546
301,48,-54522214930.479668
313,48,95413828148.805618
314,48,-40891613218.325958
531,48,-18.009475
532,48,36.208364
533,48,40.930648
534,48,-134.713868
535,48,-22.921173
536,48,46.083417
631,48,25.825847
632,48,81.894349
633,48,-58.695137
634,48,-239.267437
635,48,32.869291
636,48,104.229271
49,49,4388670334.168843
62,49,-4388670322.738843
302,49,-2708750051.164971
315,49,2708750051.164971
533,49,44.627318
534,49,40.177336
535,49,-68.069792
536,49,-40.177336
633,49,102.999880
634,49,3.437155
635,49,-126.765102
636,49,-3.437155
533,50,-22.921173
534,50,46.083417
535,50,22.921173
536,50,-46.083417
633,50,32.869291
634,50,104.229271
635,50,-32.869291
636,50,-104.229271
42,51,-64778096804052.421875
43,51,-27007540868370.320312
44,51,-33856901429727.714844
51,51,125237653810768.031250
52,51,52214578975479.265625
53,51,65456676100438.000000
54,51,-75265979140997.000000
55,51,-31380190323362.718750
56,51,-39338495000137.781250
57,51,14806422128338.517578
58,51,6173152198581.749023
59,51,7738720329394.594727
295,51,117208877357.026855
296,51,50219961817381.695312
297,51,-91156710401245.812500
304,51,-226603838861.463501
305,51,-97091926184306.031250
306,51,176236306788152.500000
307,51,136185559315.684814
308,51,58350812782687.375000
309,51,-105915415904029.437500
310,51,-26790601653.290894
311,51,-11478848416874.726562
312,51,20835819522076.468750
528,51,86.488413
529,51,-26.291546
530,51,66.461806
628,51,166.190958
629,51,41.752219
630,51,-5.009442
42,52,-27007540846705.132812
43,52,-283576687787134.437500
44,52,-60492200825073.023438
51,52,52214578975479.265625
52,52,548248262932890.562500
53,52,116951588226831.156250
54,52,-31380190327695.734375
55,52,-329489103872621.500000
56,52,-70286176179697.679688
57,52,6173152198581.750977
58,52,64817528657016.148438
59,52,13826788760743.652344
295,52,-50151809710664.953125
296,52,761050070.210938
297,52,113368779869063.625000
304,52,96960165433578.718750
305,52,-1471365492.332275
306,52,-219179641087014.906250
307,52,-58271626522167.000000
308,52,884284657.419434
309,52,131723725194952.609375
310,52,11463270794127.595703
311,52,-173964497.048828
312,52,-25912863976613.847656
528,52,49.304255
529,52,69.487012
530,52,-24.190742
628,52,1.893037
629,52,154.776853
630,52,29.620678
42,53,-33856901441060.207031
43,53,-60492200806758.601562
44,53,-310968655268351.250000
51,53,65456676100438.000000
52,53,116951588226831.156250
53,53,601206066708803.250000
54,53,-39338494997871.296875
55,53,-70286176183360.578125
56,53,-361315961321387.937500
57,53,7738720329394.590820
58,53,13826788760743.652344
59,53,71078549799026.031250
295,53,91159915129995.125000
296,53,-113345077847812.625000
297,53,-14150940055.156250
304,53,-176242502582480.906250
305,53,219133817170619.375000
306,53,27358467202.007812
307,53,105919139497758.265625
308,53,-131696185696132.625000
309,53,-16442020995.710938
310,53,-20836552039017.437500
311,53,25907446369854.523438
312,53,3234491065.210938
528,53,-28.892599
529,53,37.747631
530,53,77.344189
628,53,60.062333
629,53,6.139458
630,53,160.375765
42,54,25911238724592.406250
43,54,10803016347518.072266
44,54,13542760576440.548828
51,54,-75265979140997.000000
52,54,-31380190327695.734375
53,54,-39338494997871.296875
54,54,145796383545672.218750
55,54,48964871424410.468750
56,54,52561018904504.867188
57,54,-217093646649517.781250
58,54,-58003423363353.625000
59,54,-48453691272400.593750
244,54,120652003581032.421875
245,54,29615725919017.464844
246,54,21688406789700.820312
295,54,-46883552893.260986
296,54,-20087984729530.777344
297,54,36462684163633.828125
304,54,136185557379.958252
305,54,58350812781120.390625
306,54,-105915415901223.234375
307,54,-138524077602.767639
308,54,-88338300033256.031250
309,54,123987754080343.093750
310,54,48291233296.956055
311,54,100401290596049.937500
312,54,-82254897980207.609375
497,54,930829005.289750
498,54,-50325818619159.390625
499,54,27719875653043.652344
42,55,10803016347518.054688
43,55,113430675149778.343750
44,55,24196880331301.382812
51,55,-31380190323362.718750
52,55,-329489103872621.500000
53,55,-70286176183360.578125
54,55,48964871424410.468750
55,55,393777750868847.187500
56,55,75931848313977.968750
57,55,-58003423367467.515625
58,55,-278071168050433.968750
59,55,-37129955857122.632812
244,55,29615725919017.449219
245,55,100351845877772.718750
246,55,7287403375542.178711
295,55,20060723889723.296875
296,55,-304437869.858887
297,55,-45347511959074.242188
304,55,-58271626520719.750000
305,55,884276921.121094
306,55,131723725189325.125000
307,55,88254106005565.187500
308,55,241883030.089366
309,55,-139107823803444.812500
310,55,-100363179229655.718750
311,55,-2825050171.187855
312,55,60795121190084.750000
497,55,50319975852888.460938
498,55,2003330499.614399
499,55,-8063510617102.065430
42,56,13542760576440.521484
43,56,24196880331301.402344
44,56,124387462148295.531250
51,56,-39338495000137.781250
52,56,-70286176179697.679688
53,56,-361315961321387.937500
54,56,52561018904504.867188
55,56,75931848313977.968750
56,56,379832910340621.875000
57,56,-48453691257276.179688
58,56,-37129955842225.468750
59,56,-161981844258571.781250
244,56,21688406789700.804688
245,56,7287403375542.182617
246,56,19077432998385.445312
295,56,-36463966068280.523438
296,56,45338031147245.429688
297,56,5660359364.109375
304,56,105919139491180.781250
305,56,-131696185692940.250000
306,56,-16442030020.632812
307,56,-124007965811192.546875
308,56,139082241846894.046875
309,56,-3028338655.620586
310,56,82301385015341.562500
311,56,-60792039417546.023438
312,56,48489669166.230682
497,56,-27748592618523.894531
498,56,8067952108622.316406
499,56,-34679660655.037697
51,57,14806422128338.517578
52,57,6173152198581.750977
53,57,7738720329394.590820
54,57,-217093646649517.781250
55,57,-58003423367467.515625
56,57,-48453691257276.179688
57,57,534080234069498.062500
58,57,133273517404698.078125
59,57,100358089556530.453125
244,57,-331793009729212.937500
245,57,-81443246276394.500000
246,57,-59643118629754.335938
304,57,-26790601653.292969
305,57,-11478848416874.726562
306,57,20835819522076.457031
307,57,48291206079.703339
308,57,100401290578105.968750
309,57,-82254897990074.765625
310,57,-18940732596.112602
311,57,-227318443305704.500000
312,57,137648736464414.656250
497,57,-2559850976.981556
498,57,138396001155036.140625
499,57,-76229658027832.531250
597,57,86.488413
598,57,-26.291546
599,57,66.461806
697,57,166.190958
698,57,41.752219
699,57,-5.009442
51,58,6173152198581.749023
52,58,64817528657016.148438
53,58,13826788760743.652344
54,58,-58003423363353.625000
55,58,-278071168050433.968750
56,58,-37129955842225.468750
57,58,133273517404698.078125
58,58,489221215371661.437500
59,58,43343526375206.882812
244,58,-81443246241030.437500
245,58,-275967576066461.812500
246,58,-20040359279421.074219
304,58,11463270794127.593750
305,58,-173964497.040771
306,58,-25912863976613.835938
307,58,-100363179225953.640625
308,58,-2825046845.707876
309,58,60795121200027.640625
310,58,227279841998852.312500
311,58,8508224568.653881
312,58,-57056911398619.898438
497,58,-138379933572833.328125
498,58,-5509208895.816908
499,58,22174654176683.035156
597,58,49.304255
598,58,69.487012
599,58,-24.190742
697,58,1.893037
698,58,154.776853
699,58,29.620678
51,59,7738720329394.594727
52,59,13826788760743.652344
53,59,71078549799026.031250
54,59,-48453691272400.593750
55,59,-37129955857122.632812
56,59,-161981844258571.781250
57,59,100358089556530.453125
58,59,43343526375206.882812
59,59,143366235263705.000000
244,59,-59643118670954.273438
245,59,-20040359281682.320312
246,59,-52462940738769.937500
304,59,-20836552039017.453125
305,59,25907446369854.523438
306,59,3234491065.210938
307,59,82301385028837.015625
308,59,-60792039425089.929688
309,59,48489697699.265549
310,59,-137773462682622.015625
311,59,57071461365971.320312
312,59,-147093255411.431610
497,59,76308629683822.500000
498,59,-22186868297521.082031
499,59,95369062412.093338
597,59,-28.892599
598,59,37.747631
599,59,77.344189
697,59,60.062333
698,59,6.139458
699,59,160.375765
48,60,-153621672332.928284
60,60,318216094875.411133
61,60,-164594422685.231720
301,60,95413828037.584518
313,60,-197642789030.767456
314,60,102228960993.182938
534,60,52.422086
634,60,53.143817
48,61,65837815474.826546
60,61,-164594422685.231720
61,61,98756607245.127823
301,61,-40891613218.325958
313,61,102228961028.932495
314,61,-61337347810.606552
49,62,-4388670322.738843
62,62,4388670311.308842
302,62,2708750039.470477
315,62,-2708750039.470477
535,62,23.442474
635,62,23.765223
24,63,-123445759152.861694
26,63,-185168638729.292603
63,63,308614397833.928345
277,63,76671684802.979996
279,63,115007527204.470001
316,63,-191679212007.449951
516,63,78.633037
518,63,117.949556
616,63,79.715632
618,63,119.573448
29,64,-20389765752519.121094
30,64,-27028472252711.929688
31,64,-5057527769920.507812
64,64,67550559800061.757812
65,64,83193739943199.578125
66,64,16844967511022.517578
67,64,-9284115308474.228516
68,64,-15775905270523.433594
72,64,-37876678753971.093750
73,64,-40389362544348.703125
74,64,-11787439745011.390625
282,64,-732535671662.195068
283,64,37133926048959.453125
284,64,-6532830575883.087891
317,64,-178870254717.603516
318,64,-119017964753451.500000
319,64,20545122465954.613281
320,64,-954513830892.445801
321,64,21820226365229.750000
325,64,1865919748578.477539
326,64,60063812334511.390625
327,64,-14012291876626.832031
519,64,37.059766
520,64,-14.022168
521,64,20.132084
537,64,18.999517
538,64,-9.758400
539,64,61.875351
540,64,-23.114079
541,64,30.198105
619,64,82.547713
620,64,22.267866
621,64,3.274380
637,64,43.850898
638,64,13.993686
639,64,128.300612
640,64,48.049867
641,64,4.911567
29,65,-19769997455528.875000
30,65,-182620934181349.218750
31,65,-46008003725569.625000
64,65,83193739943199.578125
65,65,531095943464262.562500
66,65,112360626890778.015625
67,65,-13515849894002.828125
68,65,-80691163107292.609375
72,65,-49907892596159.906250
73,65,-267783846571062.125000
74,65,-66352623238607.718750
282,65,-31101350112911.785156
283,65,2768700832317.441406
284,65,91685802673707.937500
317,65,118863362695974.890625
318,65,-38129642839.453125
319,65,-199860752980599.250000
320,65,-26305507364399.921875
321,65,-4491345765613.144531
325,65,-61456505262661.750000
326,65,1760774603653.592773
327,65,108174950323371.531250
519,65,26.295621
520,65,46.127186
521,65,-15.409397
537,65,16.998087
538,65,19.496812
539,65,53.169445
540,65,69.190730
541,65,-21.033237
619,65,1.009620
620,65,88.635240
621,65,32.033267
637,65,1.454179
638,65,44.096957
639,65,-4.007554
640,65,132.952766
641,65,33.401775
29,66,-8824341615581.355469
30,66,-48278602549667.757812
31,66,-138451179351572.078125
64,66,16844967511022.517578
65,66,112360626890778.015625
66,66,331163814629656.625000
67,66,4192083432666.503906
68,66,-7925727805633.333008
72,66,-12212709326104.593750
73,66,-56156296531941.132812
74,66,-192712635434150.593750
282,66,13274459423491.511719
283,66,-76523923974353.296875
284,66,3078108153651.640625
317,66,-20573587916828.398438
318,66,199800733903091.062500
319,66,-68659704775.687500
320,66,-6079424861379.164062
321,66,-19517157983142.476562
325,66,13378553354741.855469
326,66,-103759651958585.562500
327,66,-3009448435911.507812
519,66,-12.901738
520,66,35.446321
521,66,41.250263
539,66,-19.352594
540,66,39.443404
541,66,55.589610
619,66,15.797706
620,66,-2.671704
621,66,85.533802
639,66,23.696543
640,66,1.514429
641,66,123.821483
29,67,2546269124286.835938
30,67,4446055883114.232422
31,67,-2152082234573.161621
64,67,-9284115308474.228516
65,67,-13515849894002.828125
66,67,4192083432666.503906
67,67,1662113767536.315674
68,67,2401820842796.792480
69,67,-12344575905.640982
72,67,5088076994990.084961
73,67,6667973189461.146484
74,67,-2040001198229.594727
282,67,-131790779012.698486
283,67,-8875529507428.984375
284,67,-2755013769530.421387
317,67,1003492951849.643066
318,67,26326059873896.101562
319,67,6076176076628.040039
320,67,-11743481401.841757
321,67,-4133147841938.939941
322,67,7667168482.284088
325,67,-867625858762.088867
326,67,-13317382524012.921875
327,67,-3321162308768.175293
537,67,-58.316036
538,67,9.758400
637,67,-83.708714
638,67,-13.993686
29,68,3987450616920.297363
30,68,27045559052906.316406
31,68,3224544149107.197266
64,68,-15775905270523.433594
65,68,-80691163107292.609375
66,68,-7925727805633.333008
67,68,2401820842796.792480
68,68,13148084481213.121094
70,68,-125800768747.545517
71,68,54696011570.868721
72,68,9386633811595.591797
73,68,40568624395256.359375
74,68,4701183660196.251953
282,68,6181312093518.486328
283,68,-1796600532213.789062
284,68,-9482412311656.222656
317,68,-21798204931065.617188
318,68,4491903658873.039062
319,68,19520213083043.996094
320,68,4129365753987.941406
321,68,-44283828933.925201
323,68,78134372251.671448
324,68,-33971481793.715103
325,68,11487527091180.058594
326,68,-2695182193005.914062
327,68,-10037800774186.023438
537,68,-16.998087
538,68,-66.676634
637,68,-1.454179
638,68,-91.926336
67,69,-12344575905.640982
69,69,12344575894.066757
320,69,7667168470.367554
322,69,-7667168470.367554
537,69,39.316519
637,69,39.857816
68,70,-125800768747.545517
70,70,264644558511.006287
71,70,-138843789905.556580
321,70,78134372142.039429
323,70,-164369714449.921570
324,70,86235342307.882172
538,70,47.179822
638,70,47.829379
68,71,54696011570.868721
70,71,-138843789905.556580
71,71,84147778370.300873
321,71,-33971481793.715118
323,71,86235342344.548462
324,71,-52263860550.833344
29,72,11421876808902.468750
30,72,16230243250716.580078
31,72,4050817548136.125977
64,72,-37876678753971.093750
65,72,-49907892596159.906250
66,72,-12212709326104.593750
67,72,5088076994990.084961
68,72,9386633811595.591797
72,72,43060047452465.015625
73,72,48587811910651.960938
74,72,16375176816476.437500
76,72,-48809975607434.367188
77,72,-58064451539992.328125
78,72,-18479891328519.468750
79,72,3396659899462.007324
80,72,27116653117841.675781
81,72,30370995382733.859375
82,72,10266606294832.017578
282,72,911198856931.553955
283,72,-18939529757954.578125
284,72,4350737797877.168945
317,72,-1714781612870.582520
318,72,61516591082494.929688
319,72,-13386844167136.765625
320,72,842423981139.489258
321,72,-11498637589454.361328
325,72,-194206099668.183350
326,72,-62291565625624.125000
327,72,18127979593328.023438
329,72,349570982259.404785
330,72,80129946734331.656250
331,72,-20456714775416.945312
332,72,-9900377474064.921875
333,72,-194206099668.179321
334,72,-39016427366096.773438
335,72,11364841539593.185547
539,72,-123.750703
540,72,46.228158
541,72,-60.396210
639,72,-256.601224
640,72,-96.099733
641,72,-9.823133
29,73,9430373751352.652344
30,73,92084978363189.953125
31,73,22986683540200.226562
64,73,-40389362544348.703125
65,73,-267783846571062.125000
66,73,-56156296531941.132812
67,73,6667973189461.146484
68,73,40568624395256.359375
72,73,48587811910651.960938
73,73,270274040941655.718750
74,73,66332622048308.328125
76,73,-54667791688453.164062
77,73,-331140050421182.937500
78,73,-74616770269082.578125
79,73,27066507462219.746094
80,73,30370995382733.867188
81,73,168929746163624.312500
82,73,41453761273788.875000
282,73,15647258721701.390625
283,73,-933111992215.956543
284,73,-47405641627785.359375
317,73,-59999867080489.406250
318,73,-1763067744601.587891
319,73,103770558473253.140625
320,73,13306347649450.941406
321,73,2695137194264.796875
325,73,62130750618934.914062
326,73,5212642429.568359
327,73,-112725187104295.031250
329,73,-69940102235766.992188
330,73,8689809494054.027344
331,73,126810608060380.562500
332,73,-8699192257624.580078
333,73,38855612359407.593750
334,73,5212642429.653320
335,73,-70450337813527.781250
539,73,-106.338890
540,73,-138.381461
541,73,42.066473
639,73,8.015107
640,73,-265.905533
641,73,-66.803551
29,74,5665549162207.562500
30,74,28481826550709.734375
31,74,80318568143277.687500
64,74,-11787439745011.390625
65,74,-66352623238607.718750
66,74,-192712635434150.593750
67,74,-2040001198229.594727
68,74,4701183660196.251953
72,74,16375176816476.437500
73,74,66332622048308.328125
74,74,224842493092189.187500
75,74,-42073889185.150421
76,74,-18479891329962.113281
77,74,-80054473827653.875000
78,74,-252914291530904.718750
79,74,5437703536087.013672
80,74,10266606294832.003906
81,74,41453761273788.875000
82,74,140507939774815.375000
282,74,-8293828404415.619141
283,74,41769279666041.250000
284,74,-3004213012923.664062
317,74,14001848716355.707031
318,74,-108163620327925.156250
319,74,3001969274777.718750
320,74,3323111579070.560059
321,74,10035967714761.140625
325,74,-18103107240814.707031
326,74,112692467613177.812500
327,74,-14913279501.453125
328,74,26131930299.249744
329,74,20411944535983.082031
330,74,-132080139552970.250000
331,74,-20193575070.328125
332,74,5328426577026.091797
333,74,-11339969187079.837891
334,74,70417618322410.625000
335,74,11218650797.812500
539,74,38.705188
540,74,-78.886809
541,74,-147.471420
639,74,-47.393085
640,74,-3.028859
641,74,-284.434825
74,75,-42073889185.150421
75,75,42073889138.853539
327,75,26131930251.583611
328,75,-26131930251.583611
541,75,36.292201
641,75,36.791860
72,76,-48809975607434.367188
73,76,-54667791688453.164062
74,76,-18479891329962.113281
76,76,109822445106195.906250
77,76,130645015964603.375000
78,76,41579755487513.906250
79,76,-7642484774462.651367
80,76,-61012469509292.984375
81,76,-68334739610566.460938
82,76,-23099864162452.656250
325,76,349570976416.715576
