0,0,380417807368112448.000000
1,0,107217706619228336.000000
2,0,58411251711138448.000000
3,0,-380417807368102464.000000
4,0,-107217706619228336.000000
5,0,-58411251711138448.000000
930,0,9.500000
931,0,193553451589807904.000000
932,0,-106229818482255696.000000
1857,0,49547.939714
1858,0,-200049.801658
1859,0,144452.858166
2475,0,648004.947700
2476,0,133310.399975
2477,0,78740.831004
0,1,107217706619228336.000000
1,1,451434651779321536.000000
2,1,106031342944609904.000000
3,1,-107217706619228336.000000
4,1,-451434651779311552.000000
5,1,-106031342944609904.000000
930,1,-193553451589807904.000000
931,1,-9.000000
932,1,194272646346050624.000000
1857,1,215475.093796
1858,1,55314.389028
1859,1,-200049.801658
2475,1,106593.010271
2476,1,695176.247894
2477,1,133310.399975
0,2,58411251711138448.000000
1,2,106031342944609904.000000
2,2,380417807368112768.000000
3,2,-58411251711138448.000000
4,2,-106031342944609904.000000
5,2,-380417807368102784.000000
930,2,106229818482255712.000000
931,2,-194272646346050624.000000
932,2,-12.000000
1857,2,-140417.989048
1858,2,215475.093796
1859,2,49547.939714
2475,2,85729.429319
2476,2,106593.010271
2477,2,648004.947700
0,3,-380417807368102464.000000
1,3,-107217706619228336.000000
2,3,-58411251711138448.000000
3,3,634029678946821632.000000
4,3,178696177698709472.000000
5,3,97352086185227712.000000
6,3,-126805935789367472.000000
7,3,-35739235539742784.000000
8,3,-19470417237046152.000000
12,3,-126805935789359552.000000
13,3,-35739235539750116.000000
14,3,-19470417237049648.000000
930,3,2251.500000
931,3,-322589085983006400.000000
932,3,177049697470421632.000000
933,3,3.500000
934,3,64517817196602624.000000
935,3,-35409939494085228.000000
939,3,-1130.500000
940,3,64517817196594584.000000
941,3,-35409939494080652.000000
1857,3,-148643.819141
1858,3,600149.404975
1859,3,-433358.574498
1860,3,49547.939714
1861,3,-200049.801658
1862,3,144452.858166
1866,3,49547.939714
1867,3,-200049.801658
1868,3,144452.858166
2475,3,-1944014.843099
2476,3,-399931.199924
2477,3,-236222.493013
2478,3,648004.947700
2479,3,133310.399975
2480,3,78740.831004
2484,3,648004.947700
2485,3,133310.399975
2486,3,78740.831004
0,4,-107217706619228336.000000
1,4,-451434651779311552.000000
2,4,-106031342944609904.000000
3,4,178696177698709472.000000
4,4,752391086298862464.000000
5,4,176718904907692864.000000
6,4,-35739235539742784.000000
7,4,-150478217259770496.000000
8,4,-35343780981536632.000000
12,4,-35739235539739456.000000
13,4,-150478217259775552.000000
14,4,-35343780981533084.000000
930,4,322589085983020032.000000
931,4,29049.000000
932,4,-323787743910084032.000000
933,4,-64517817196602616.000000
934,4,-5.000000
935,4,64757548782016872.000000
939,4,-64517817196606640.000000
940,4,-36341.000000
941,4,64757548782020984.000000
1857,4,-646425.281388
1858,4,-165943.167084
1859,4,600149.404975
1860,4,215475.093796
1861,4,55314.389028
1862,4,-200049.801658
1866,4,215475.093796
1867,4,55314.389028
1868,4,-200049.801658
2475,4,-319779.030812
2476,4,-2085528.743681
2477,4,-399931.199924
2478,4,106593.010271
2479,4,695176.247894
2480,4,133310.399975
2484,4,106593.010271
2485,4,695176.247894
2486,4,133310.399975
0,5,-58411251711138448.000000
1,5,-106031342944609904.000000
2,5,-380417807368102784.000000
3,5,97352086185227712.000000
4,5,176718904907692864.000000
5,5,634029678946847488.000000
6,5,-19470417237046152.000000
7,5,-35343780981536632.000000
8,5,-126805935789367600.000000
12,5,-19470417237044264.000000
13,5,-35343780981532824.000000
14,5,-126805935789372304.000000
930,5,-177049697470430720.000000
931,5,323787743910084864.000000
932,5,-25076.000000
933,5,35409939494085236.000000
934,5,-64757548782016880.000000
935,5,-4.000000
939,5,35409939494088016.000000
940,5,-64757548782021328.000000
941,5,30942.000000
1857,5,421253.967144
1858,5,-646425.281388
1859,5,-148643.819141
1860,5,-140417.989048
1861,5,215475.093796
1862,5,49547.939714
1866,5,-140417.989048
1867,5,215475.093796
1868,5,49547.939713
2475,5,-257188.287956
2476,5,-319779.030812
2477,5,-1944014.843099
2478,5,85729.429319
2479,5,106593.010271
2480,5,648004.947700
2484,5,85729.429319
2485,5,106593.010271
2486,5,648004.947700
3,6,-126805935789367472.000000
4,6,-35739235539742784.000000
5,6,-19470417237046152.000000
6,6,126805953757840992.000000
7,6,35739240031858656.000000
8,6,19470421729162024.000000
9,6,26729760102.942291
10,6,360256743868.356812
11,6,-413939199240.825806
930,6,3.500000
931,6,64517817196602624.000000
932,6,-35409939494085228.000000
933,6,-4.018260
934,6,-64517825366204200.000000
935,6,35409947663686820.000000
936,6,-469331347967.582947
937,6,283480562578.378357
938,6,185850785389.204590
1857,6,49547.939714
1858,6,-200049.801658
1859,6,144452.858166
1860,6,-49563.341254
1861,6,200112.641898
1862,6,-144523.399176
1863,6,15.401540
1864,6,-62.840240
1865,6,70.541010
2475,6,648004.947700
2476,6,133310.399975
2477,6,78740.831004
2478,6,-648158.963101
2479,6,-133355.572888
2480,6,-78772.665792
2481,6,154.015402
2482,6,45.172913
2483,6,31.834788
3,7,-35739235539742784.000000
4,7,-150478217259770496.000000
5,7,-35343780981536632.000000
6,7,35739240031858656.000000
7,7,150478235228243968.000000
8,7,35343785473652504.000000
9,7,-413939199240.825928
10,7,26729760102.942291
11,7,360256743868.356384
930,7,-64517817196602616.000000
931,7,-5.000000
932,7,64757548782016872.000000
933,7,64517825366204200.000000
934,7,5.481742
935,7,-64757556951618456.000000
936,7,185850785389.204407
937,7,-469331347967.582825
938,7,283480562578.378479
1857,7,215475.093796
1858,7,55314.389028
1859,7,-200049.801658
1860,7,-215545.634806
1861,7,-55329.790568
1862,7,200112.641898
1863,7,70.541010
1864,7,15.401540
1865,7,-62.840240
2475,7,106593.010271
2476,7,695176.247894
2477,7,133310.399975
2478,7,-106624.845059
2479,7,-695330.263295
2480,7,-133355.572888
2481,7,31.834788
2482,7,154.015402
2483,7,45.172913
3,8,-19470417237046152.000000
4,8,-35343780981536632.000000
5,8,-126805935789367600.000000
6,8,19470421729162024.000000
7,8,35343785473652504.000000
8,8,126805953757841120.000000
9,8,-733989835371.476929
10,8,814402050846.888184
11,8,-107364910744.938873
930,8,35409939494085236.000000
931,8,-64757548782016880.000000
932,8,-4.000000
933,8,-35409947663686824.000000
934,8,64757556951618448.000000
935,8,4.481736
936,8,-542452320412.692078
937,8,-396210375522.474060
938,8,938662695935.166016
1857,8,-140417.989048
1858,8,215475.093796
1859,8,49547.939714
1860,8,140480.829288
1861,8,-215545.634806
1862,8,-49563.341254
1863,8,-62.840240
1864,8,70.541010
1865,8,15.401540
2475,8,85729.429319
2476,8,106593.010271
2477,8,648004.947700
2478,8,-85774.602232
2479,8,-106624.845059
2480,8,-648158.963101
2481,8,45.172913
2482,8,31.834788
2483,8,154.015402
6,9,26729760102.942291
7,9,-413939199240.825928
8,9,-733989835371.476929
9,9,7943547481934877.000000
10,9,-73011025244468.093750
11,9,-67666664097056.781250
18,9,-1301475905593493.500000
19,9,946412901690.823975
20,9,238060473662.298889
63,9,-1301475905593493.500000
64,9,946412901691.049805
65,9,238060473662.355804
111,9,-5205903622373974.000000
112,9,3785651606764.199219
113,9,952241894649.423218
933,9,469331347967.582703
934,9,-185850785389.204315
935,9,542452320412.692017
936,9,3.476562
937,9,132781981841430.890625
938,9,-125878193292345.328125
945,9,-0.035675
946,9,-1721236382786.228516
947,9,432949477439.865295
990,9,-0.285675
991,9,-1721236382786.091064
992,9,432949477439.830872
1038,9,-1.142699
1039,9,-6884945531144.364258
1040,9,1731797909759.323486
1860,9,15.401540
1861,9,-62.840240
1862,9,70.541010
1863,9,-256776.355107
1864,9,463.349213
1865,9,11545.202360
1872,9,64190.238392
1873,9,-100.127243
1874,9,-1.744038
1917,9,64190.238392
1918,9,-100.127243
1919,9,-1.744038
1965,9,128380.476783
1966,9,-200.254486
1967,9,-3.488075
2478,9,154.015402
2479,9,45.172913
2480,9,31.834788
2481,9,-131941.975942
2482,9,145.345972
2483,9,-20224.742374
2490,9,32946.990135
2491,9,-47.629721
2492,9,21.483237
2535,9,32946.990135
2536,9,-47.629721
2537,9,21.483237
2583,9,65893.980270
2584,9,-95.259442
2585,9,42.966475
6,10,360256743868.356812
7,10,26729760102.942291
8,10,814402050846.888184
9,10,-73011025244468.093750
10,10,7935749852346810.000000
11,10,-74239561427401.984375
18,10,946412901690.823975
19,10,-1300176300662149.000000
20,10,946445390498.312134
63,10,946412901690.832275
64,10,-1300176300662148.750000
65,10,946445390498.320312
111,10,3785651606763.329102
112,10,-5200705202648595.000000
113,10,3785781561993.281250
933,10,-283480562578.378235
934,10,469331347967.582947
935,10,396210375522.474243
936,10,-132781981841433.859375
937,10,1884.445312
938,10,132199802508765.859375
945,10,1721236382786.228027
946,10,0.076658
947,10,-1721216687493.392578
990,10,1721236382786.517822
991,10,-376.985924
992,10,-1721216687493.681885
1038,10,6884945531146.071289
1039,10,-1507.943696
1040,10,-6884866749974.727539
1860,10,70.541010
1861,10,15.401540
1862,10,-62.840240
1863,10,-105.801302
1864,10,-256514.230142
1865,10,12072.116432
1872,10,8.815073
1873,10,64124.707150
1874,10,-100.127243
1917,10,8.815073
1918,10,64124.707150
1919,10,-100.127243
1965,10,17.630146
1966,10,128249.414301
1967,10,-200.254486
2478,10,31.834788
2479,10,154.015402
2480,10,45.172913
2481,10,-473.945175
2482,10,-132135.986741
2483,10,20252.320609
2490,10,110.527597
2491,10,32995.492835
2492,10,-47.629721
2535,10,110.527597
2536,10,32995.492835
2537,10,-47.629721
2583,10,221.055194
2584,10,65990.985670
2585,10,-95.259442
6,11,-413939199240.825806
7,11,360256743868.356384
8,11,-107364910744.938873
9,11,-67666664097056.781250
10,11,-74239561427401.984375
11,11,7943815671276575.000000
18,11,238060473662.298889
19,11,946445390498.312134
20,11,-1301475905593493.750000
63,11,238060473662.249115
64,11,946445390498.077759
65,11,-1301475905593493.500000
111,11,952241894648.996460
112,11,3785781561992.311035
113,11,-5205903622373974.000000
933,11,-185850785389.204163
934,11,-283480562578.378723
935,11,-938662695935.165649
936,11,125878193292345.140625
937,11,-132199802508761.328125
938,11,-1890.480591
945,11,-432949477439.865417
946,11,1721216687493.392090
947,11,-0.062500
990,11,-432949477439.843750
991,11,1721216687493.238281
992,11,377.937500
1038,11,-1731797909759.375000
1039,11,6884866749972.953125
1040,11,1511.750000
1860,11,-62.840240
1861,11,70.541010
1862,11,15.401540
1863,11,133.772282
1864,11,-105.801302
1865,11,-279993.889545
1872,11,-17.733011
1873,11,8.815073
1874,11,64190.238392
1917,11,-17.733011
1918,11,8.815073
1919,11,64190.238392
1965,11,-35.466021
1966,11,17.630146
1967,11,128380.476783
2478,11,45.172913
2479,11,31.834788
2480,11,154.015402
2481,11,3.835086
2482,11,-473.945175
2483,11,-131941.975942
2490,11,-12.252000
2491,11,110.527597
2492,11,32946.990135
2535,11,-12.252000
2536,11,110.527597
2537,11,32946.990135
2583,11,-24.503999
2584,11,221.055194
2585,11,65893.980270
3,12,-126805935789359552.000000
4,12,-35739235539739456.000000
5,12,-19470417237044264.000000
12,12,126805953757840992.000000
13,12,35739240031867144.000000
14,12,19470421729166680.000000
15,12,26729760102.942352
16,12,360256743868.319336
17,12,-413939199240.812256
930,12,-1130.500000
931,12,64517817196598608.000000
932,12,-35409939494082448.000000
939,12,-4.018410
940,12,-64517825366199016.000000
941,12,35409947663683996.000000
942,12,-469331347967.582825
943,12,283480562578.430298
944,12,185850785389.152435
1857,12,49547.939714
1858,12,-200049.801658
1859,12,144452.858166
1866,12,-49563.341254
1867,12,200112.641898
1868,12,-144523.399176
1869,12,15.401540
1870,12,-62.840240
1871,12,70.541010
2475,12,648004.947700
2476,12,133310.399975
2477,12,78740.831004
2484,12,-648158.963101
2485,12,-133355.572888
2486,12,-78772.665792
2487,12,154.015402
2488,12,45.172913
2489,12,31.834788
3,13,-35739235539750116.000000
4,13,-150478217259775552.000000
5,13,-35343780981532824.000000
12,13,35739240031867144.000000
13,13,150478235228243968.000000
14,13,35343785473635456.000000
15,13,-413939199240.801514
16,13,26729760102.942383
17,13,360256743868.528748
930,13,-64517817196600296.000000
931,13,7308.000000
932,13,64757548782022664.000000
939,13,64517825366199016.000000
940,13,-8.518822
941,13,-64757556951628688.000000
942,13,185850785389.264343
943,13,-469331347967.582703
944,13,283480562578.320374
1857,13,215475.093796
1858,13,55314.389028
1859,13,-200049.801658
1866,13,-215545.634806
1867,13,-55329.790568
1868,13,200112.641898
1869,13,70.541010
1870,13,15.401540
1871,13,-62.840240
2475,13,106593.010271
2476,13,695176.247894
2477,13,133310.399975
2484,13,-106624.845059
2485,13,-695330.263295
2486,13,-133355.572887
2487,13,31.834788
2488,13,154.015402
2489,13,45.172913
3,14,-19470417237049648.000000
4,14,-35343780981533084.000000
5,14,-126805935789372304.000000
12,14,19470421729166680.000000
13,14,35343785473635456.000000
14,14,126805953757841040.000000
15,14,-733989835371.405396
16,14,814402050846.992188
17,14,-107364910744.764481
930,14,35409939494084148.000000
931,14,-64757548782023016.000000
932,14,-5853.000000
939,14,-35409947663683988.000000
940,14,64757556951628680.000000
941,14,13.482451
942,14,-542452320412.798279
943,14,-396210375522.237793
944,14,938662695935.034058
1857,14,-140417.989048
1858,14,215475.093796
1859,14,49547.939714
1866,14,140480.829288
1867,14,-215545.634806
1868,14,-49563.341254
1869,14,-62.840240
1870,14,70.541010
1871,14,15.401540
2475,14,85729.429319
2476,14,106593.010271
2477,14,648004.947700
2484,14,-85774.602232
2485,14,-106624.845059
2486,14,-648158.963101
2487,14,45.172913
2488,14,31.834788
2489,14,154.015402
12,15,26729760102.942352
13,15,-413939199240.801514
14,15,-733989835371.405396
15,15,7943547481934875.000000
16,15,-73011025244485.531250
17,15,-67666664097105.812500
216,15,-1301475905593493.500000
217,15,946412901691.049072
218,15,238060473662.355774
261,15,-1301475905593493.500000
262,15,946412901691.049072
263,15,238060473662.355774
315,15,-5205903622373974.000000
316,15,3785651606764.196289
317,15,952241894649.423096
939,15,469331347967.582825
940,15,-185850785389.264221
941,15,542452320412.798462
942,15,1.109375
943,15,132781981841421.765625
944,15,-125878193292335.312500
1143,15,-0.035973
1144,15,-1721236382786.090332
1145,15,432949477439.830750
1188,15,-0.035973
1189,15,-1721236382786.090332
1190,15,432949477439.830750
1242,15,-0.143893
1243,15,-6884945531144.361328
1244,15,1731797909759.322998
1866,15,15.401540
1867,15,-62.840240
1868,15,70.541010
1869,15,-256776.355107
1870,15,463.349213
1871,15,11545.202360
2070,15,64190.238392
2071,15,-100.127243
2072,15,-1.744038
2115,15,64190.238392
2116,15,-100.127243
2117,15,-1.744038
2169,15,128380.476783
2170,15,-200.254486
2171,15,-3.488075
2484,15,154.015402
2485,15,45.172913
2486,15,31.834788
2487,15,-131941.975942
2488,15,145.345972
2489,15,-20224.742374
2688,15,32946.990135
2689,15,-47.629721
2690,15,21.483237
2733,15,32946.990135
2734,15,-47.629721
2735,15,21.483237
2787,15,65893.980270
2788,15,-95.259442
2789,15,42.966475
12,16,360256743868.319336
13,16,26729760102.942383
14,16,814402050846.992188
15,16,-73011025244485.531250
16,16,7935749852346804.000000
17,16,-74239561427350.062500
216,16,946412901691.049072
217,16,-1300176300662148.000000
218,16,946445390497.858887
261,16,946412901691.049072
262,16,-1300176300662148.000000
263,16,946445390497.858887
315,16,3785651606764.196289
316,16,-5200705202648592.000000
317,16,3785781561991.435547
939,16,-283480562578.430481
940,16,469331347967.582703
941,16,396210375522.237793
942,16,-132781981841421.781250
943,16,0.484375
944,16,132199802508755.859375
1143,16,1721236382786.091309
1144,16,-0.110280
1145,16,-1721216687493.665771
1188,16,1721236382786.091309
1189,16,-0.110280
1190,16,-1721216687493.665771
1242,16,6884945531144.365234
1243,16,-0.441120
1244,16,-6884866749974.663086
1866,16,70.541010
1867,16,15.401540
1868,16,-62.840240
1869,16,-105.801302
1870,16,-256514.230142
1871,16,12072.116432
2070,16,8.815073
2071,16,64124.707150
2072,16,-100.127243
2115,16,8.815073
2116,16,64124.707150
2117,16,-100.127243
2169,16,17.630146
2170,16,128249.414301
2171,16,-200.254486
2484,16,31.834788
2485,16,154.015402
2486,16,45.172913
2487,16,-473.945175
2488,16,-132135.986741
2489,16,20252.320609
2688,16,110.527597
2689,16,32995.492835
2690,16,-47.629721
2733,16,110.527597
2734,16,32995.492835
2735,16,-47.629721
2787,16,221.055194
2788,16,65990.985670
2789,16,-95.259442
12,17,-413939199240.812256
13,17,360256743868.528748
14,17,-107364910744.764481
15,17,-67666664097105.812500
16,17,-74239561427350.062500
17,17,7943815671276603.000000
216,17,238060473662.355774
217,17,946445390497.858887
218,17,-1301475905593493.000000
261,17,238060473662.355774
262,17,946445390497.858887
263,17,-1301475905593493.000000
315,17,952241894649.423096
316,17,3785781561991.435547
317,17,-5205903622373972.000000
939,17,-185850785389.376373
940,17,-283480562578.227722
941,17,-938662695935.297485
942,17,125878193292335.578125
943,17,-132199802508814.390625
944,17,59.440674
1143,17,-432949477439.830811
1144,17,1721216687493.665039
1145,17,-0.062500
1188,17,-432949477439.830811
1189,17,1721216687493.665039
1190,17,-0.062500
1242,17,-1731797909759.323242
1243,17,6884866749974.660156
1244,17,-0.250000
1866,17,-62.840240
1867,17,70.541010
1868,17,15.401540
1869,17,133.772282
1870,17,-105.801302
1871,17,-279993.889545
2070,17,-17.733011
2071,17,8.815073
2072,17,64190.238392
2115,17,-17.733011
2116,17,8.815073
2117,17,64190.238392
2169,17,-35.466021
2170,17,17.630146
2171,17,128380.476783
2484,17,45.172913
2485,17,31.834788
2486,17,154.015402
2487,17,3.835086
2488,17,-473.945175
2489,17,-131941.975942
2688,17,-12.252000
2689,17,110.527597
2690,17,32946.990135
2733,17,-12.252000
2734,17,110.527597
2735,17,32946.990135
2787,17,-24.503999
2788,17,221.055194
2789,17,65893.980270
9,18,-1301475905593493.500000
10,18,946412901690.823975
11,18,238060473662.298889
18,18,1301996495965730.750000
19,18,-946791466851.500488
20,18,-238155697851.763824
21,18,-520590362237.397156
22,18,378565160.676329
23,18,95224189.464920
936,18,-0.035675
937,18,-1721236382786.228516
938,18,432949477439.865295
945,18,0.031074
946,18,1721924877339.342773
947,18,-433122657230.841187
948,18,0.000084
949,18,-688494553.114491
950,18,173179790.975946
1863,18,64190.238392
1864,18,-100.127243
1865,18,-1.744038
1872,18,-65474.043160
1873,18,102.129788
1874,18,1.778918
1875,18,1283.804768
1876,18,-2.002545
1877,18,-0.034881
2481,18,32946.990135
2482,18,-47.629721
2483,18,21.483237
2490,18,-33605.929938
2491,18,48.582316
2492,18,-21.912902
2493,18,658.939803
2494,18,-0.952594
2495,18,0.429665
9,19,946412901690.823975
10,19,-1300176300662149.000000
11,19,946445390498.312134
18,19,-946791466851.500488
19,19,1300696371192413.750000
20,19,-946823968654.511475
21,19,378565160.676329
22,19,-520070520264.859497
23,19,378578156.199325
936,19,1721236382786.228027
937,19,0.076658
938,19,-1721216687493.392578
945,19,-1721924877339.343018
946,19,-0.047470
947,19,1721905174168.389648
948,19,688494553.114491
949,19,0.000015
950,19,-688486674.997357
1863,19,8.815073
1864,19,64124.707150
1865,19,-100.127243
1872,19,-8.991374
1873,19,-65407.201293
1874,19,102.129788
1875,19,0.176301
1876,19,1282.494143
1877,19,-2.002545
2481,19,110.527597
2482,19,32995.492835
2483,19,-47.629721
2490,19,-112.738149
2491,19,-33655.402692
2492,19,48.582316
2493,19,2.210552
2494,19,659.909857
2495,19,-0.952594
9,20,238060473662.298889
10,20,946445390498.312134
11,20,-1301475905593493.750000
18,20,-238155697851.763824
19,20,-946823968654.511475
20,20,1301996495965731.500000
21,20,95224189.464920
22,20,378578156.199325
23,20,-520590362237.397339
936,20,-432949477439.865417
937,20,1721216687493.392090
938,20,-0.062500
945,20,433122657230.841370
946,20,-1721905174168.389404
947,20,0.095703
948,20,-173179790.975946
949,20,688486674.997357
950,20,-0.000031
1863,20,-17.733011
1864,20,8.815073
1865,20,64190.238392
1872,20,18.087671
1873,20,-8.991374
1874,20,-65474.043160
1875,20,-0.354660
1876,20,0.176301
1877,20,1283.804768
2481,20,-12.252000
2482,20,110.527597
2483,20,32946.990135
2490,20,12.497040
2491,20,-112.738149
2492,20,-33605.929938
2493,20,-0.245040
2494,20,2.210552
2495,20,658.939803
18,21,-520590362237.397156
19,21,378565160.676329
20,21,95224189.464920
21,21,520590362237.397156
22,21,-378565160.676329
23,21,-95224189.464920
945,21,0.000084
946,21,-688494553.114491
947,21,173179790.975946
948,21,-0.000084
949,21,688494553.114491
950,21,-173179790.975946
1872,21,1283.804768
1873,21,-2.002545
1874,21,-0.034881
1875,21,-65474.043160
1876,21,102.129788
1877,21,1.778918
1878,21,32095.119196
1879,21,-50.063622
1880,21,-0.872019
1881,21,32095.119196
1882,21,-50.063622
1883,21,-0.872019
2490,21,658.939803
2491,21,-0.952594
2492,21,0.429665
2493,21,-33605.929938
2494,21,48.582316
2495,21,-21.912902
2496,21,16473.495068
2497,21,-23.814861
2498,21,10.741619
2499,21,16473.495068
2500,21,-23.814861
2501,21,10.741619
18,22,378565160.676329
19,22,-520070520264.859497
20,22,378578156.199325
21,22,-378565160.676329
22,22,520070520264.859497
23,22,-378578156.199325
945,22,688494553.114491
946,22,0.000015
947,22,-688486674.997357
948,22,-688494553.114491
949,22,-0.000015
950,22,688486674.997357
1872,22,0.176301
1873,22,1282.494143
1874,22,-2.002545
1875,22,-8.991374
1876,22,-65407.201293
1877,22,102.129788
1878,22,4.407536
1879,22,32062.353575
1880,22,-50.063622
1881,22,4.407536
1882,22,32062.353575
1883,22,-50.063622
2490,22,2.210552
2491,22,659.909857
2492,22,-0.952594
2493,22,-112.738149
2494,22,-33655.402692
2495,22,48.582316
2496,22,55.263798
2497,22,16497.746417
2498,22,-23.814861
2499,22,55.263798
2500,22,16497.746417
2501,22,-23.814861
18,23,95224189.464920
19,23,378578156.199325
20,23,-520590362237.397339
21,23,-95224189.464920
22,23,-378578156.199325
23,23,520590362237.397339
945,23,-173179790.975946
946,23,688486674.997357
947,23,-0.000031
948,23,173179790.975946
949,23,-688486674.997357
950,23,0.000031
1872,23,-0.354660
1873,23,0.176301
1874,23,1283.804768
1875,23,18.087671
1876,23,-8.991374
1877,23,-65474.043160
1878,23,-8.866505
1879,23,4.407536
1880,23,32095.119196
1881,23,-8.866505
1882,23,4.407536
1883,23,32095.119196
2490,23,-0.245040
2491,23,2.210552
2492,23,658.939803
2493,23,12.497040
2494,23,-112.738149
2495,23,-33605.929938
2496,23,-6.126000
2497,23,55.263798
2498,23,16473.495068
2499,23,-6.126000
2500,23,55.263798
2501,23,16473.495068
24,24,121214757718.943451
25,24,-60601314503.036041
26,24,-59616492581.745186
843,24,104507643864.752487
844,24,-105210102162.697540
845,24,-294492336.267174
951,24,0.000000
952,24,110212783510.955139
953,24,-110956123105.631851
1770,24,64686932004.078293
1771,24,63292491401.172379
1772,24,-127236083810.573975
1875,24,32095.119196
1876,24,-50.063622
1877,24,-0.872019
1878,24,-32095.581242
1879,24,51.948829
1880,24,347.018805
2412,24,2.347253
2413,24,-1.654184
2493,24,16473.495068
2494,24,-23.814861
2495,24,10.741619
2496,24,-16478.115530
2497,24,22.459673
2498,24,-614.905901
3030,24,3.265275
3031,24,3.665418
24,25,-60601314503.036041
25,25,121214757718.943420
26,25,-61706821628.115166
843,25,1099060361.346130
844,25,104795689437.261673
845,25,-104801371386.400146
951,25,-110212783510.955139
952,25,0.000008
953,25,109688928466.104218
1770,25,-127382406843.821564
1771,25,64016753926.025383
1772,25,63889507962.647125
1875,25,4.407536
1876,25,32062.353575
1877,25,-50.063622
1878,25,-6.523767
1879,25,-32062.815621
1880,25,400.211845
2413,25,2.347253
2414,25,-1.654184
2493,25,55.263798
2494,25,16497.746417
2495,25,-23.814861
2496,25,-56.218842
2497,25,-16502.366879
2498,25,625.668912
3031,25,3.265275
3032,25,3.665418
24,26,-59616492581.745186
25,26,-61706821628.115166
26,26,121456128126.519516
843,26,-105119923372.503052
844,26,-804568025.051947
845,26,105791677480.945724
951,26,110956123105.662354
952,26,-109688928466.164902
953,26,0.030739
1770,26,63856257321.076042
1771,26,-127435964791.175476
1772,26,62312512830.571228
1875,26,-8.866505
1876,26,4.407536
1877,26,32095.119196
1878,26,10.751712
1879,26,-6.523767
1880,26,-32792.107275
2412,26,-1.654184
2414,26,2.347253
2493,26,-6.126000
2494,26,55.263798
2495,26,16473.495068
2496,26,4.770812
2497,26,-56.218842
2498,26,-16478.115530
3030,26,3.665418
3032,26,3.265275
1875,27,32095.119196
1876,27,-50.063622
1877,27,-0.872019
1881,27,-96285.357588
1882,27,150.190865
1883,27,2.616057
1884,27,32095.119196
1885,27,-50.063622
1886,27,-0.872019
1890,27,32095.119196
1891,27,-50.063622
1892,27,-0.872019
2493,27,16473.495068
2494,27,-23.814861
2495,27,10.741619
2499,27,-49420.485203
2500,27,71.444582
2501,27,-32.224856
2502,27,16473.495068
2503,27,-23.814861
2504,27,10.741619
2508,27,16473.495068
2509,27,-23.814861
2510,27,10.741619
1875,28,4.407536
1876,28,32062.353575
1877,28,-50.063622
1881,28,-13.222609
1882,28,-96187.060726
1883,28,150.190865
1884,28,4.407536
1885,28,32062.353575
1886,28,-50.063622
1890,28,4.407536
1891,28,32062.353575
1892,28,-50.063622
2493,28,55.263798
2494,28,16497.746417
2495,28,-23.814861
2499,28,-165.791395
2500,28,-49493.239252
2501,28,71.444582
2502,28,55.263798
2503,28,16497.746417
2504,28,-23.814861
2508,28,55.263798
2509,28,16497.746417
2510,28,-23.814861
1875,29,-8.866505
1876,29,4.407536
1877,29,32095.119196
1881,29,26.599516
1882,29,-13.222609
1883,29,-96285.357588
1884,29,-8.866505
1885,29,4.407536
1886,29,32095.119196
1890,29,-8.866505
1891,29,4.407536
1892,29,32095.119196
2493,29,-6.126000
2494,29,55.263798
2495,29,16473.495068
2499,29,18.377999
2500,29,-165.791395
2501,29,-49420.485203
2502,29,-6.126000
2503,29,55.263798
2504,29,16473.495068
2508,29,-6.126000
2509,29,55.263798
2510,29,16473.495068
30,30,386526650889.487793
31,30,-193243987573.502930
32,30,-190103611549.071533
924,30,333251415385.052368
925,30,-335491397202.479126
926,30,-939069949.831573
957,30,0.000000
958,30,351443824971.129761
959,30,-353814168066.399780
1851,30,206272104604.841339
1852,30,201825546559.860718
1853,30,-405727308069.432007
1881,30,32095.119196
1882,30,-50.063622
1883,30,-0.872019
1884,30,-64191.063474
1885,30,103.493685
1886,30,619.863299
1887,30,32095.119196
1888,30,-50.063622
1889,30,-0.872019
2469,30,4.191524
2470,30,-2.953900
2499,30,16473.495068
2500,30,-23.814861
2501,30,10.741619
2502,30,-32955.240960
2503,30,45.209744
2504,30,-1100.348028
2505,30,16473.495068
2506,30,-23.814861
2507,30,10.741619
3087,30,5.830848
3088,30,6.545390
30,31,-193243987573.502930
31,31,386526650889.487854
32,31,-196769201620.127167
924,31,3504656764.443115
925,31,334169928052.519226
926,31,-334188046512.728638
957,31,-351443824971.129761
958,31,-0.000031
959,31,349773368833.212708
1851,31,-406193899374.431335
1852,31,204135057162.022095
1853,31,203729298350.326172
1881,31,4.407536
1882,31,32062.353575
1883,31,-50.063622
1884,31,-12.594056
1885,31,-64125.532233
1886,31,725.391928
1887,31,4.407536
1888,31,32062.353575
1889,31,-50.063622
2470,31,4.191524
2471,31,-2.953900
2499,31,55.263798
2500,31,16497.746417
2501,31,-23.814861
2502,31,-112.233032
2503,31,-33003.743660
2504,31,1122.369099
2505,31,55.263798
2506,31,16497.746417
2507,31,-23.814861
3088,31,5.830848
3089,31,6.545390
30,32,-190103611549.071533
31,32,-196769201620.127167
32,32,387296326934.146484
924,32,-335203837284.874329
925,32,-2565586814.445172
926,32,337345910334.622803
957,32,353814168066.498047
958,32,-349773368833.575378
959,32,0.267360
1851,32,203623269518.639557
1852,32,-406364683645.378906
1853,32,198700614893.549347
1881,32,-8.866505
1882,32,4.407536
1883,32,32095.119196
1884,32,21.099452
1885,32,-12.594056
1886,32,-65434.859962
1887,32,-8.866505
1888,32,4.407536
1889,32,32095.119196
2469,32,-2.953900
2471,32,4.191524
2499,32,-6.126000
2500,32,55.263798
2501,32,16473.495068
2502,32,9.832022
2503,32,-112.233032
2504,32,-32955.240960
2505,32,-6.126000
2506,32,55.263798
2507,32,16473.495068
3087,32,6.545390
3089,32,5.830848
33,33,121214757718.943405
34,33,-60601314503.050522
35,33,-59616492581.788879
807,33,104507643864.752472
808,33,-105210102162.697495
809,33,-294492336.267181
960,33,-0.000008
961,33,110212783510.946320
962,33,-110956123105.623032
1734,33,64686932004.078285
1735,33,63292491401.172363
1736,33,-127236083810.573944
1884,33,32095.119196
1885,33,-50.063622
1886,33,-0.872019
1887,33,-32095.581242
1888,33,51.948829
1889,33,347.018805
2376,33,2.347253
2377,33,-1.654184
2502,33,16473.495068
2503,33,-23.814861
2504,33,10.741619
2505,33,-16478.115530
2506,33,22.459673
2507,33,-614.905901
2994,33,3.265275
2995,33,3.665418
33,34,-60601314503.050522
34,34,121214757718.943466
35,34,-61706821628.071915
807,34,1099060361.329369
808,34,104795689437.270096
809,34,-104801371386.391754
960,34,-110212783510.946350
961,34,0.000008
962,34,109688928466.095566
1734,34,-127382406843.821747
1735,34,64016753926.010178
1736,34,63889507962.662323
1884,34,4.407536
1885,34,32062.353575
1886,34,-50.063622
1887,34,-6.523767
1888,34,-32062.815621
1889,34,400.211845
2377,34,2.347253
2378,34,-1.654184
2502,34,55.263798
2503,34,16497.746417
2504,34,-23.814861
2505,34,-56.218842
2506,34,-16502.366879
2507,34,625.668912
2995,34,3.265275
2996,34,3.665418
33,35,-59616492581.788879
34,35,-61706821628.071915
35,35,121456128126.548431
807,35,-105119923372.536606
808,35,-804568025.010017
809,35,105791677480.937744
960,35,110956123105.653854
961,35,-109688928466.209320
962,35,0.083866
1734,35,63856257321.045410
1735,35,-127435964791.190887
1736,35,62312512830.617104
1884,35,-8.866505
1885,35,4.407536
1886,35,32095.119196
1887,35,10.751712
1888,35,-6.523767
1889,35,-32792.107275
2376,35,-1.654184
2378,35,2.347253
2502,35,-6.126000
2503,35,55.263798
2504,35,16473.495068
2505,35,4.770812
2506,35,-56.218842
2507,35,-16478.115530
2994,35,3.665418
2996,35,3.265275
1881,36,32095.119196
1882,36,-50.063622
1883,36,-0.872019
1890,36,-96285.357588
1891,36,150.190865
1892,36,2.616057
1893,36,32095.119196
1894,36,-50.063622
1895,36,-0.872019
1896,36,32095.119196
1897,36,-50.063622
1898,36,-0.872019
2499,36,16473.495068
2500,36,-23.814861
2501,36,10.741619
2508,36,-49420.485203
2509,36,71.444582
2510,36,-32.224856
2511,36,16473.495068
2512,36,-23.814861
2513,36,10.741619
2514,36,16473.495068
2515,36,-23.814861
2516,36,10.741619
1881,37,4.407536
1882,37,32062.353575
1883,37,-50.063622
1890,37,-13.222609
1891,37,-96187.060726
1892,37,150.190865
1893,37,4.407536
1894,37,32062.353575
1895,37,-50.063622
1896,37,4.407536
1897,37,32062.353575
1898,37,-50.063622
2499,37,55.263798
2500,37,16497.746417
2501,37,-23.814861
2508,37,-165.791395
2509,37,-49493.239252
2510,37,71.444582
2511,37,55.263798
2512,37,16497.746417
2513,37,-23.814861
2514,37,55.263798
2515,37,16497.746417
2516,37,-23.814861
1881,38,-8.866505
1882,38,4.407536
1883,38,32095.119196
1890,38,26.599516
1891,38,-13.222609
1892,38,-96285.357588
1893,38,-8.866505
1894,38,4.407536
1895,38,32095.119196
1896,38,-8.866505
1897,38,4.407536
1898,38,32095.119196
2499,38,-6.126000
2500,38,55.263798
2501,38,16473.495068
2508,38,18.377999
2509,38,-165.791395
2510,38,-49420.485203
2511,38,-6.126000
2512,38,55.263798
2513,38,16473.495068
2514,38,-6.126000
2515,38,55.263798
2516,38,16473.495068
39,39,121214757718.943405
40,39,-60601314503.050522
41,39,-59616492581.788879
780,39,104507643864.752472
781,39,-105210102162.697495
782,39,-294492336.267181
966,39,-0.000008
967,39,110212783510.946320
968,39,-110956123105.623062
1707,39,64686932004.078285
1708,39,63292491401.172386
1709,39,-127236083810.573944
1890,39,32095.119196
1891,39,-50.063622
1892,39,-0.872019
1893,39,-32095.581242
1894,39,51.948829
1895,39,347.018805
2349,39,2.347253
2350,39,-1.654184
2508,39,16473.495068
2509,39,-23.814861
2510,39,10.741619
2511,39,-16478.115530
2512,39,22.459673
2513,39,-614.905901
2967,39,3.265275
2968,39,3.665418
39,40,-60601314503.050522
40,40,121214757718.943466
41,40,-61706821628.071915
780,40,1099060361.329369
781,40,104795689437.270096
782,40,-104801371386.391754
966,40,-110212783510.946350
967,40,0.000008
968,40,109688928466.095596
1707,40,-127382406843.821747
1708,40,64016753926.010178
1709,40,63889507962.662323
1890,40,4.407536
1891,40,32062.353575
1892,40,-50.063622
1893,40,-6.523767
1894,40,-32062.815621
1895,40,400.211845
2350,40,2.347253
2351,40,-1.654184
2508,40,55.263798
2509,40,16497.746417
2510,40,-23.814861
2511,40,-56.218842
2512,40,-16502.366879
2513,40,625.668912
2968,40,3.265275
2969,40,3.665418
39,41,-59616492581.788879
40,41,-61706821628.071915
41,41,121456128126.548431
780,41,-105119923372.536606
781,41,-804568025.010017
782,41,105791677480.937744
966,41,110956123105.653854
967,41,-109688928466.209320
968,41,0.083866
1707,41,63856257321.045410
1708,41,-127435964791.190903
1709,41,62312512830.617104
1890,41,-8.866505
1891,41,4.407536
1892,41,32095.119196
1893,41,10.751712
1894,41,-6.523767
1895,41,-32792.107275
2349,41,-1.654184
2351,41,2.347253
2508,41,-6.126000
2509,41,55.263798
2510,41,16473.495068
2511,41,4.770812
2512,41,-56.218842
2513,41,-16478.115530
2967,41,3.665418
2969,41,3.265275
1890,42,32095.119196
1891,42,-50.063622
1892,42,-0.872019
1896,42,-96285.357588
1897,42,150.190865
1898,42,2.616057
1899,42,32095.119196
1900,42,-50.063622
1901,42,-0.872019
1905,42,32095.119196
1906,42,-50.063622
1907,42,-0.872019
2508,42,16473.495068
2509,42,-23.814861
2510,42,10.741619
2514,42,-49420.485203
2515,42,71.444582
2516,42,-32.224856
2517,42,16473.495068
2518,42,-23.814861
2519,42,10.741619
2523,42,16473.495068
2524,42,-23.814861
2525,42,10.741619
1890,43,4.407536
1891,43,32062.353575
1892,43,-50.063622
1896,43,-13.222609
1897,43,-96187.060726
1898,43,150.190865
1899,43,4.407536
1900,43,32062.353575
1901,43,-50.063622
1905,43,4.407536
1906,43,32062.353575
1907,43,-50.063622
2508,43,55.263798
2509,43,16497.746417
2510,43,-23.814861
2514,43,-165.791395
2515,43,-49493.239252
2516,43,71.444582
2517,43,55.263798
2518,43,16497.746417
2519,43,-23.814861
2523,43,55.263798
2524,43,16497.746417
2525,43,-23.814861
1890,44,-8.866505
1891,44,4.407536
1892,44,32095.119196
1896,44,26.599516
1897,44,-13.222609
1898,44,-96285.357588
1899,44,-8.866505
1900,44,4.407536
1901,44,32095.119196
1905,44,-8.866505
1906,44,4.407536
1907,44,32095.119196
2508,44,-6.126000
2509,44,55.263798
2510,44,16473.495068
2514,44,18.377999
2515,44,-165.791395
2516,44,-49420.485203
2517,44,-6.126000
2518,44,55.263798
2519,44,16473.495068
2523,44,-6.126000
2524,44,55.263798
2525,44,16473.495068
45,45,121214757718.943405
46,45,-60601314503.050522
47,45,-59616492581.788879
771,45,104507643864.752472
772,45,-105210102162.697495
773,45,-294492336.267181
972,45,-0.000008
973,45,110212783510.946320
974,45,-110956123105.623032
1698,45,64686932004.078285
1699,45,63292491401.172363
1700,45,-127236083810.573944
1896,45,32095.119196
1897,45,-50.063622
1898,45,-0.872019
1899,45,-64190.700438
1900,45,102.012450
1901,45,347.890824
1902,45,32095.119196
1903,45,-50.063622
1904,45,-0.872019
2340,45,2.347253
2341,45,-1.654184
2514,45,16473.495068
2515,45,-23.814861
2516,45,10.741619
2517,45,-32951.610597
2518,45,46.274534
2519,45,-625.647520
2520,45,16473.495068
2521,45,-23.814861
2522,45,10.741619
2958,45,3.265275
2959,45,3.665418
45,46,-60601314503.050522
46,46,121214757718.943466
47,46,-61706821628.071915
771,46,1099060361.329369
772,46,104795689437.270096
773,46,-104801371386.391754
972,46,-110212783510.946350
973,46,0.000008
974,46,109688928466.095566
1698,46,-127382406843.821747
1699,46,64016753926.010178
1700,46,63889507962.662323
1896,46,4.407536
1897,46,32062.353575
1898,46,-50.063622
1899,46,-10.931303
1900,46,-64125.169197
1901,46,450.275467
1902,46,4.407536
1903,46,32062.353575
1904,46,-50.063622
2341,46,2.347253
2342,46,-1.654184
2514,46,55.263798
2515,46,16497.746417
2516,46,-23.814861
2517,46,-111.482640
2518,46,-33000.113297
2519,46,649.483773
2520,46,55.263798
2521,46,16497.746417
2522,46,-23.814861
2959,46,3.265275
2960,46,3.665418
45,47,-59616492581.788879
46,47,-61706821628.071915
47,47,121456128126.548431
771,47,-105119923372.536606
772,47,-804568025.010017
773,47,105791677480.937744
972,47,110956123105.653854
973,47,-109688928466.209320
974,47,0.083866
1698,47,63856257321.045410
1699,47,-127435964791.190887
1700,47,62312512830.617104
1896,47,-8.866505
1897,47,4.407536
1898,47,32095.119196
1899,47,19.618218
1900,47,-10.931303
1901,47,-64887.226471
1902,47,-8.866505
1903,47,4.407536
1904,47,32095.119196
2340,47,-1.654184
2342,47,2.347253
2514,47,-6.126000
2515,47,55.263798
2516,47,16473.495068
2517,47,10.896812
2518,47,-111.482640
2519,47,-32951.610597
2520,47,-6.126000
2521,47,55.263798
2522,47,16473.495068
2958,47,3.665418
2960,47,3.265275
48,48,247377056569.272308
49,48,-123676152047.041901
50,48,-121666311391.405853
867,48,213280905846.433624
868,48,-214714494209.586731
869,48,-601004767.892227
975,48,0.000000
976,48,224924047981.523102
977,48,-226441067562.496033
1794,48,132014146947.098618
1795,48,129168349798.310974
1796,48,-259665477164.436584
1899,48,32095.119196
1900,48,-50.063622
1901,48,-0.872019
1902,48,-32095.779262
1903,48,52.756775
1904,48,495.367428
2427,48,3.353219
2428,48,-2.363120
2517,48,16473.495068
2518,48,-23.814861
2519,48,10.741619
2520,48,-16480.095728
2521,48,21.878879
2522,48,-873.833451
3045,48,4.664678
3046,48,5.236312
48,49,-123676152047.041901
49,49,247377056569.272339
50,49,-125932289036.881439
867,49,2242980329.243576
868,49,213868753953.612457
869,49,-213880349768.146393
975,49,-224924047981.523163
976,49,0.000000
977,49,223854956053.256409
1794,49,-259964095599.636230
1795,49,130646436583.694183
1796,49,130386750944.208801
1899,49,4.407536
1900,49,32062.353575
1901,49,-50.063622
1902,49,-7.430723
1903,49,-32063.013641
1904,49,550.275370
2428,49,3.353219
2429,49,-2.363120
2517,49,55.263798
2518,49,16497.746417
2519,49,-23.814861
2520,49,-56.628146
2521,49,-16504.347077
2522,49,883.606363
3046,49,4.664678
3047,49,5.236312
48,50,-121666311391.405853
49,50,-125932289036.881439
50,50,247869649237.853973
867,50,-214530455862.319641
868,50,-1641975561.244917
869,50,215901382614.158661
975,50,226441067562.558929
976,50,-223854956053.488434
977,50,0.171067
1794,50,130318892491.929413
1795,50,-260073397533.042664
1796,50,127168393531.871658
1899,50,-8.866505
1900,50,4.407536
1901,50,32095.119196
1902,50,11.559658
1903,50,-7.430723
1904,50,-33090.816452
2427,50,-2.363120
2429,50,3.353219
2517,50,-6.126000
2518,50,55.263798
2519,50,16473.495068
2520,50,4.190018
2521,50,-56.628146
2522,50,-16480.095728
3045,50,5.236312
3047,50,4.664678
1896,51,32095.119196
1897,51,-50.063622
1898,51,-0.872019
1905,51,-96285.357588
1906,51,150.190865
1907,51,2.616057
1908,51,32095.119196
1909,51,-50.063622
1910,51,-0.872019
1911,51,32095.119196
1912,51,-50.063622
1913,51,-0.872019
2514,51,16473.495068
2515,51,-23.814861
2516,51,10.741619
2523,51,-49420.485203
2524,51,71.444582
2525,51,-32.224856
2526,51,16473.495068
2527,51,-23.814861
2528,51,10.741619
2529,51,16473.495068
2530,51,-23.814861
2531,51,10.741619
1896,52,4.407536
1897,52,32062.353575
1898,52,-50.063622
1905,52,-13.222609
1906,52,-96187.060726
1907,52,150.190865
1908,52,4.407536
1909,52,32062.353575
1910,52,-50.063622
1911,52,4.407536
1912,52,32062.353575
1913,52,-50.063622
2514,52,55.263798
2515,52,16497.746417
2516,52,-23.814861
2523,52,-165.791395
2524,52,-49493.239252
2525,52,71.444582
2526,52,55.263798
2527,52,16497.746417
2528,52,-23.814861
2529,52,55.263798
2530,52,16497.746417
2531,52,-23.814861
1896,53,-8.866505
1897,53,4.407536
1898,53,32095.119196
1905,53,26.599516
1906,53,-13.222609
1907,53,-96285.357588
1908,53,-8.866505
1909,53,4.407536
1910,53,32095.119196
1911,53,-8.866505
1912,53,4.407536
1913,53,32095.119196
2514,53,-6.126000
2515,53,55.263798
2516,53,16473.495068
2523,53,18.377999
2524,53,-165.791395
2525,53,-49420.485203
2526,53,-6.126000
2527,53,55.263798
2528,53,16473.495068
2529,53,-6.126000
2530,53,55.263798
2531,53,16473.495068
54,54,121214757718.943405
55,54,-60601314503.050522
56,54,-59616492581.788879
735,54,104507643864.752472
736,54,-105210102162.697495
737,54,-294492336.267181
981,54,-0.000008
982,54,110212783510.946320
983,54,-110956123105.623062
1662,54,64686932004.078285
1663,54,63292491401.172386
1664,54,-127236083810.573944
1905,54,32095.119196
1906,54,-50.063622
1907,54,-0.872019
1908,54,-32095.581242
