0,0,5926597689.344000
0,235,-5678158577.664001
0,488,21438.019200
1,1,28973047427.891201
1,236,-27758623614.566402
1,489,-131485.248000
2,2,13104040011.366400
2,237,-12554760670.412800
2,490,130936.640000
3,3,2398893638890.291504
3,4,3307017014240.870605
3,5,1463719485767.680176
3,6,-566105841703.321655
3,7,-544597719226.777649
3,11,-2509608876349.849609
3,12,-2867403059678.413086
3,13,-961564472298.700806
3,14,885742837642.035278
3,15,1012006823080.755249
3,16,339388100981.555237
3,235,-775028029679.206421
3,236,-885532062121.984009
3,237,-296944724135.116821
3,256,-672332.441600
3,257,-5152268538085.375977
3,258,1432750731454.054443
3,259,1650011652122.214600
3,260,-415252228970.905640
3,264,82093336.166400
3,265,3663702881258.701172
3,266,-1064547802257.817627
3,267,-16417534.771200
3,268,-1293064328970.239990
3,269,375749508857.856018
3,488,31998230.528000
3,489,1131529105729.126465
3,490,-328707107874.406433
4,3,3307017014240.870605
4,4,26343582200967.988281
4,5,4847967098686.668945
4,6,-6583801753685.197266
4,7,-198546741526.528015
4,11,-3191015101536.665527
4,12,-18530122720503.398438
4,13,-4433905622555.034180
4,14,1012030660149.248047
4,15,5630187158477.209961
4,16,1382141413818.368164
4,235,-1128216719576.268799
4,236,-6859860776635.596680
4,237,-1597703889669.324951
4,256,5152040045825.229492
4,257,-374333.030400
4,258,-8133123588384.358398
4,259,1449752788992.000000
4,260,884240726517.350464
4,264,-4606639328775.373047
4,265,-828527699243.827271
4,266,7161974789190.451172
4,267,1293105453282.099365
4,268,-13089080.115200
4,269,-2348668935575.961914
4,488,-1838360893063.167969
4,489,-621377453712.998413
4,490,2435597570408.448242
5,3,1463719485767.680176
5,4,4847967098686.668945
5,5,19305831609873.203125
5,6,-906262043898.675293
5,7,-3819322431294.668945
5,11,-1272738610990.284912
5,12,-4029366947912.089844
5,13,-14870405139398.656250
5,14,339389604220.108826
5,15,1382098678893.772949
5,16,4682997404847.308594
5,235,-530318993077.043213
5,236,-1294425296732.160156
5,237,-5299068372779.007812
5,256,-1432718519199.334473
5,257,8133303118017.332031
5,258,-105758.873600
5,259,-888079890409.062500
5,260,1090201105045.913696
5,264,1301885332802.764893
5,265,-7159744412673.638672
5,266,-623222034792.447998
5,267,-375759789935.820801
5,268,2348657983409.356934
5,269,103883944.755200
5,488,506646153396.223999
5,489,-2434123537632.460938
5,490,-467149258332.569641
6,3,-566105841703.321655
6,4,-6583801753685.197266
6,5,-906262043898.675293
6,6,2072639547899.904053
6,11,323516881489.100830
6,12,2577806085062.656250
6,13,517873090533.785645
6,235,242643452611.788818
6,236,1933357838709.555176
6,237,388396013217.382446
6,256,-1650028724617.216064
6,257,-1449831386893.516846
6,258,888108827751.219238
6,259,-344097.382400
6,264,942920019266.764893
6,265,828480347229.388794
6,266,-507493657817.907227
6,488,707076493095.731201
6,489,621381533931.929688
6,490,-380613183510.937622
7,3,-544597719226.777649
7,4,-198546741526.528015
7,5,-3819322431294.668945
7,7,1015545554010.112061
7,8,-110744.384000
7,9,-384516.966400
7,10,217596.825600
7,11,311191667526.860840
7,12,113454634709.811203
7,13,1602147355459.583984
7,235,233392280961.024017
7,236,85093086606.131210
7,237,1201621254012.927979
7,256,415241035212.390442
7,257,-884256081025.433594
7,258,-1090196058459.340820
7,260,-195545.100800
7,261,68858.105600
7,262,237609.241600
7,263,-133563.520000
7,264,-237304915637.043213
7,265,505283306586.112000
7,266,623002454589.440063
7,488,-177952749151.846405
7,489,378982035462.553589
7,490,467201012688.486450
8,7,-110744.384000
8,8,110832.742400
8,260,69140.243200
8,261,-69140.243200
9,7,-384516.966400
9,9,956493.414400
9,10,-571904.870400
9,260,240665.395200
9,262,-593347.225600
9,263,352681.830400
10,7,217596.825600
10,9,-571904.870400
10,10,354296.448000
10,260,-136436.096000
10,262,355542.937600
10,263,-219106.841600
11,3,-2509608876349.849609
11,4,-3191015101536.665527
11,5,-1272738610990.284912
11,6,323516881489.100830
11,7,311191667526.860840
11,11,4281092833647.001953
11,12,4891593658492.518555
11,13,1640305133407.436768
11,14,-2214357147792.179199
11,15,-2530112405975.859375
11,16,-848442442540.646484
11,235,442873136807.936035
11,236,506037395469.107239
11,237,169677139057.049622
11,256,-79498811.801600
11,257,4606566743828.070312
11,258,-1301836155427.225586
11,259,-942853447273.676880
11,260,237296969947.545624
11,264,-2776021.606400
11,265,-6249621085801.676758
11,266,1816118760675.737793
11,267,-30238257.971200
11,268,3232579432795.340820
11,269,-939400937812.787231
11,488,-4037077.811200
11,489,-646571731871.334473
11,490,187838139832.729614
12,3,-2867403059678.413086
12,4,-18530122720503.398438
12,5,-4029366947912.089844
12,6,2577806085062.656250
12,7,113454634709.811203
12,11,4891593658492.518555
12,12,27212644781496.730469
12,13,6680294206944.051758
12,14,-2530080837966.233887
12,15,-14075467681444.660156
12,16,-3455346072040.243164
12,235,506046307526.246399
12,236,2815147481078.169922
12,237,691029636284.416016
12,256,-3663583051671.142578
12,257,828537631355.699219
12,258,7159673116216.525391
12,259,-828445074810.470459
12,260,-505280568544.460815
12,264,6249792884493.517578
12,265,1031731.609600
12,266,-11351813311692.800781
12,267,-3232760250918.502441
12,268,52250381.516800
12,269,5871676848655.565430
12,488,646446157765.017578
12,489,-17025636.761600
12,490,-1174279921703.321777
13,3,-961564472298.700806
13,4,-4433905622555.034180
13,5,-14870405139398.656250
13,6,517873090533.785645
13,7,1602147355459.583984
13,11,1640305133407.436768
13,12,6680294206944.051758
13,13,22634345364927.285156
13,14,-848457206490.726440
13,15,-3455351226000.998535
13,16,-11707493297369.908203
13,235,169671260320.563202
13,236,691063190716.416016
13,237,2341392616731.443359
13,256,1064496584772.812866
13,257,-7161949448883.405273
13,258,623205928665.088013
13,259,507464183604.838440
13,260,-622989462313.369629
13,264,-1816140665008.947266
13,265,11351637218033.664062
13,266,-272617.702400
13,267,939416077572.505615
13,268,-5871577634911.027344
13,269,-32847278.899200
13,488,-187824946230.067200
13,489,1174354332011.724854
13,490,-58822839.500800
14,3,885742837642.035278
14,4,1012030660149.248047
14,5,339389604220.108826
14,11,-2214357147792.179199
14,12,-2530080837966.233887
14,13,-848457206490.726440
14,14,1328614524898.508789
14,15,1518041802630.758545
14,16,509072917292.646423
14,17,-23043787.980800
14,18,23099926.118400
14,256,15143883.571200
14,257,-1293049403958.886475
14,258,375735228091.596802
14,264,33458153.062400
14,265,3232581150782.259277
14,266,-939378496608.665649
14,267,-1002240.409600
14,268,-1939569649909.760010
14,269,563633336405.196777
14,270,-5803239.014400
14,271,5857820.262400
15,3,1012006823080.755249
15,4,5630187158477.209961
15,5,1382098678893.772949
15,11,-2530112405975.859375
15,12,-14075467681444.660156
15,13,-3455351226000.998535
15,14,1518041802630.758545
15,15,8445280952464.179688
15,16,2073219797981.593750
15,21,-351102.515200
15,256,1293012037743.411377
15,257,13081744.179200
15,258,-2348616322226.585938
15,264,-3232643642556.416016
15,265,-52479793.561600
15,266,5871623591061.094727
15,267,1939661776958.259277
15,268,-180946.099200
15,269,-3522998464151.552246
15,274,218076.108800
16,3,339388100981.555237
16,4,1382141413818.368164
16,5,4682997404847.308594
16,11,-848442442540.646484
16,12,-3455346072040.243164
16,13,-11707493297369.908203
16,14,509072917292.646423
16,15,2073219797981.593750
16,16,7024495892522.598633
16,256,-375728221926.195190
16,257,2348640588791.808105
16,258,-103836332.851200
16,264,939404588534.988892
16,265,-5871535544231.526367
16,266,32795328.512000
16,267,-563651053145.292847
16,268,3522940911589.785645
16,269,94945.580800
17,14,-23043787.980800
17,17,740918848965.836792
17,18,-745545870920.908813
17,267,23472822.681600
17,270,-17750591.078400
17,271,-5722230.374400
18,14,23099926.118400
18,17,-745545870920.908813
18,18,750201830218.137695
18,267,-23566014.873600
18,270,23682893.414400
18,271,-116878.668800
19,19,550400.204800
19,25,-499196.313600
19,272,-446798.489600
19,278,446798.489600
20,20,234724.454400
20,25,-164092.339200
20,273,-201450.534400
20,278,201450.534400
21,15,-351102.515200
21,21,351096.601600
21,268,218078.592000
21,274,-218078.592000
22,22,332153228571.443237
22,23,379515175121.715210
22,24,127263746451.046402
22,100,-996457216108.134399
22,101,-1138518735506.636963
22,102,-381791534632.140808
22,103,664303987536.691284
22,104,759002432956.006470
22,105,254528056616.550415
22,275,64899.289600
22,276,-484901431908.761597
22,277,140885664727.040009
22,353,36734441.881600
22,354,1454725716875.673584
22,355,-422658282671.308838
22,356,-33212432.384000
22,357,-969827237756.928101
22,358,281771812637.900818
23,22,379515175121.715210
23,23,2111337632733.593750
23,24,518277515391.795227
23,100,-1138590676208.844971
23,101,-6334001301789.082031
23,102,-1554827768024.268799
23,103,759070669248.921631
23,104,4222663669055.488281
23,105,1036548480958.463989
23,275,484910505027.174438
23,276,-2916001.177600
23,277,-880726154779.033691
23,353,-1454674499390.668945
23,354,110857525.657600
23,355,2642181631875.481934
23,356,969767430337.331299
23,357,-113078239.232000
23,358,-1761453812796.620850
24,22,127263746451.046402
24,23,518277515391.795227
24,24,1756063628840.140869
24,26,296029.542400
24,63,-493363.712000
24,100,-381776636464.332825
24,101,-1554872972555.059326
24,102,-5268187128424.039062
24,103,254514259034.112000
24,104,1036597336211.456055
24,105,3512123821706.444824
24,275,-140890348925.747192
24,276,880730449746.329590
24,277,-807751.833600
24,279,-183703.680000
24,316,306302.540800
24,353,422680482283.520020
24,354,-2642173041940.889648
24,355,9164841.779200
24,356,-281788563010.355225
24,357,1761444793365.299316
24,358,-12241221.222400
25,19,-499196.313600
25,20,-164092.339200
25,25,576547.174400
25,272,372023.142400
25,273,111145.715200
25,278,-483168.870400
26,24,296029.542400
26,26,620572.928000
26,27,-31508.064000
26,28,-144929.561600
26,63,-740229.785600
26,277,-184025.433600
26,279,-385321.753600
26,280,19577.444800
26,281,89998.220800
26,316,459771.545600
27,26,-31508.064000
27,27,31517.484800
27,279,19619.696000
27,280,-19619.696000
28,26,-144929.561600
28,28,144939.724800
28,279,90043.539200
28,281,-90043.539200
29,29,249420749943.603210
29,30,252348307026.739227
29,31,124656593928.192001
29,32,-125840.179200
29,33,54708.902400
29,64,-804411189441.331299
29,65,-788933308422.553589
29,66,-350851046572.032043
29,67,100902505545.728012
29,68,159418784153.600006
29,72,454087242730.700806
29,73,377162123601.510437
29,74,226189164465.356812
29,282,-235857.920000
29,283,-369810132801.945618
29,284,196111280321.331207
29,285,78180.620800
29,286,-34008.803200
29,317,32405296722.739201
29,318,1242580424379.596924
29,319,-527532633043.763245
29,320,4949646560.460800
29,321,-247188360160.870422
29,325,-37365517543.014404
29,326,-625576106367.385620
29,327,331426305356.595215
30,29,252348307026.739227
30,30,2530757080566.988770
30,31,788125854570.905640
30,64,-1079187090912.051270
30,65,-7295894446460.109375
30,66,-1927426274125.414551
30,67,177787567393.996796
30,68,1081801222756.761597
30,72,649066302563.942383
30,73,3683336894755.635254
30,74,1139333812925.235352
30,282,369828681691.955200
30,283,-151209.638400
30,284,-1386624822804.479980
30,317,-1481251220147.404785
30,318,-109284758336.307205
30,319,3057614276316.364746
30,320,354707390332.928040
30,321,71848930836.480011
30,325,756715362870.886475
30,326,37413540646.092804
30,327,-1670967012307.763184
31,29,124656593928.192001
31,30,788125854570.905640
31,31,2313344118056.550293
31,64,-199995071607.603210
31,65,-1836675333147.852783
31,66,-5526018739666.944336
31,67,-86243057388.748810
31,68,129002725022.105606
31,72,161577944743.936005
31,73,919555719299.072021
31,74,3212673762616.934570
31,282,-196119199167.283203
31,283,1386609146173.849609
31,284,-267120.281600
31,317,259277109329.920013
31,318,-3662244310364.979492
31,319,-120126396642.099213
31,320,110359882602.905609
31,321,379323136396.492798
31,325,-173539012588.339203
31,326,1896268219128.217773
31,327,120191653301.452805
32,29,-125840.179200
32,32,264691.174400
32,33,-138861.427200
32,282,78105.152000
32,285,-164381.555200
32,286,86276.390400
33,29,54708.902400
33,32,-138861.427200
33,33,84153.024000
33,282,-33952.182400
33,285,86219.500800
33,286,-52267.318400
35,35,16245.112000
35,37,-16243.004800
35,288,-10066.048800
35,290,10066.048800
37,35,-16243.004800
37,37,16241.073600
37,288,10020.614400
37,290,-10020.614400
40,40,14673.246400
40,41,-14678.944000
40,293,-9118.549600
40,294,9118.549600
41,40,-14678.944000
41,41,14684.654400
41,293,9132.054400
41,294,-9132.054400
42,42,3193827875618.815918
42,43,647785006445.363281
42,44,810308072164.556885
42,45,-1656876835222.323242
42,51,-2578843963909.734375
42,52,-1079675536067.788818
42,53,-1350542050931.507324
42,54,1031537649988.403198
42,55,431875014053.068848
42,56,540206115166.617615
42,295,-278509.440000
42,296,-1203185051605.401611
42,297,2186126972000.665771
42,298,-4255.708400
42,304,46264156.160000
42,305,2005300688401.203369
42,306,-3643556907660.083496
42,307,-31982757.478400
42,308,-802119019082.547241
42,309,1457419520363.724854
43,42,647785006445.363281
43,43,6805714982928.384766
43,44,1451900702136.729736
43,51,-1079674247577.600098
43,52,-11342858304880.640625
43,53,-2419799177455.206543
43,54,431879335863.910400
43,55,4537143321952.255859
43,56,967933049805.209595
43,295,1203250871979.212891
43,296,-90639.936000
43,297,-2721037016681.676758
43,304,-2005312714309.632080
43,305,-208631627.776000
43,306,4535111802421.248047
43,307,802109999651.225586
43,308,112806828.441600
43,309,-1814027541099.315186
44,42,810308072164.556885
44,43,1451900702136.729736
44,44,9158382962553.652344
44,46,-1696076357487.820801
44,51,-1350454218850.303955
44,52,-2419757945769.165039
44,53,-12437178176189.236328
44,54,540164185548.390442
44,55,967892354990.080078
44,56,4974871356375.040039
44,295,-2186250452310.425781
44,296,2721041526397.337891
44,297,-53104.585600
44,299,-57066.988800
44,304,3643617896195.686523
44,305,-4535141008198.861328
44,306,105658993.868800
44,307,-1457437129729.638428
44,308,1814066195804.979248
44,309,-2529938.227200
45,42,-1656876835222.323242
45,45,1667297392250.060791
45,295,-2561.877000
45,298,2561.877000
46,44,-1696076357487.820801
46,46,1696076357487.820801
46,297,-34211.929600
46,299,34211.929600
48,48,351931.801600
48,60,-616258.457600
48,61,264052.403200
48,301,-218750.617600
48,313,382927.641600
48,314,-164177.036800
49,49,17637.307200
49,62,-17699.684800
49,302,-10911.820000
49,315,10911.820000
51,42,-2578843963909.734375
51,43,-1079674247577.600098
51,44,-1350454218850.303955
51,51,4985761245954.047852
51,52,2087439360956.825684
51,53,2610928228604.313965
51,54,-2996364391953.203125
51,55,-1254538579699.302490
51,56,-1569091998659.379395
51,57,589446895160.524780
51,58,246791746774.630402
51,59,308652751296.921631
51,295,-45318039.142400
51,296,2005289306737.868896
51,297,-3643568504071.782715
51,304,-928272.281600
51,305,-3876882294505.472168
51,306,7044242863659.417969
51,307,39704556.339200
51,308,2329951253351.628906
51,309,-4233460787340.902832
51,310,-6230741.811200
51,311,-458355473855.283203
51,312,832795876681.318481
52,42,-1079675536067.788818
52,43,-11342858304880.640625
52,44,-2419757945769.165039
52,51,2087439360956.825684
52,52,21929536077692.929688
52,53,4678128629920.563477
52,54,-1254552645717.196777
52,55,-13179339076009.984375
52,56,-2811522958177.075195
52,57,246797867103.027222
52,58,2592661517946.061035
52,59,553109002230.169678
52,295,-2005398184158.822510
52,296,208791850.188800
52,297,4535105789467.034180
52,304,3876903769341.952148
52,305,-11403.567200
52,306,-8767964422393.037109
52,307,-2329924409806.028809
52,308,-85698097.971200
52,309,5269360942986.035156
52,310,458361808932.044800
52,311,-10924779.929600
52,312,-1036558144634.880005
53,42,-1350542050931.507324
53,43,-2419799177455.206543
53,44,-12437178176189.236328
53,51,2610928228604.313965
53,52,4678128629920.563477
53,53,24045176838160.386719
53,54,-1569072241809.817627
53,55,-2811452735461.785645
53,56,-14450755910814.925781
53,57,308669689574.195190
53,58,553082051310.387207
53,59,2842755745605.222656
53,295,3643739014273.433594
53,296,-4535089468591.308594
53,297,-105738095.820800
53,304,-7044293114776.781250
53,305,8767974730314.547852
53,306,-373308.620800
53,307,4233471095262.413086
53,308,-5269445983338.496094
53,309,-116091990.835200
53,310,-832830451168.051270
53,311,1036602704920.576050
53,312,92560136.601600
54,42,1031537649988.403198
54,43,431879335863.910400
54,44,540164185548.390442
54,51,-2996364391953.203125
54,52,-1254552645717.196777
54,53,-1569072241809.817627
54,54,5817308146145.689453
54,55,1958015675452.620850
54,56,2097832967064.781006
54,57,-8678623089682.022461
54,58,-2320058655178.751953
54,59,-1936406406496.256104
54,244,4826140933881.856445
54,245,1184789599302.451172
54,246,867565784426.086426
54,295,31593539.174400
54,296,-802110053338.316895
54,297,1457434552749.260986
54,304,-38603522.048000
54,305,2329938583198.105469
54,306,-4233490852111.974609
54,307,-515605.555200
54,308,-3529420299252.531250
54,309,4956058111128.371094
54,310,-23212264.652800
54,311,4014756757661.286621
54,312,-3288382224885.350586
54,497,-15429061.836800
54,498,-2013139647961.497803
54,499,1108401136336.895996
55,42,431875014053.068848
55,43,4537143321952.255859
55,44,967892354990.080078
55,51,-1254538579699.302490
55,52,-13179339076009.984375
55,53,-2811452735461.785645
55,54,1958015675452.620850
55,55,15750830485405.697266
55,56,3036960852331.725098
55,57,-2320088290453.094727
55,58,-11122598638046.414062
55,59,-1484289802135.142578
55,244,1184757172299.366455
55,245,4013962618208.256348
55,246,290861681423.155212
55,295,802156546359.296021
55,296,-112864578.764800
55,297,-1814048586439.065674
55,304,-2329959843286.220703
55,305,85845186.969600
55,306,5269429662462.771484
55,307,3529391952468.377930
55,308,-379444.403200
55,309,-5564459555959.603516
55,310,-4014825477138.022461
55,311,119469716.275200
55,312,2431086781005.824219
55,497,2013121179602.125000
55,498,83375148.236800
55,499,-322066900529.971191
56,42,540206115166.617615
56,43,967933049805.209595
56,44,4974871356375.040039
56,51,-1569091998659.379395
56,52,-2811522958177.075195
56,53,-14450755910814.925781
56,54,2097832967064.781006
56,55,3036960852331.725098
56,56,15189138098408.654297
56,57,-1936488655119.974609
56,58,-1484258878370.611328
56,59,-6472492092751.872070
56,244,867520794643.660889
56,245,290867667533.824036
56,246,759238548783.104004
56,295,-1457500051000.524902
56,296,1814028185344.409668
56,297,2549893.324800
56,304,4233512756445.184082
56,305,-5269394873227.673828
56,306,115877163.827200
56,307,-4956060258612.019531
56,308,5564506371103.129883
56,309,84459.692800
56,310,3288493249789.952148
56,311,-2431175257332.121582
56,312,-158769663.180800
56,497,-1108391150537.932861
56,498,322053237165.260803
56,499,-31290438.451200
57,51,589446895160.524780
57,52,246797867103.027222
57,53,308669689574.195190
57,54,-8678623089682.022461
57,55,-2320088290453.094727
57,56,-1936488655119.974609
57,57,21361062796328.960938
57,58,5331250562727.936523
57,59,4013399547995.750488
57,244,-13271887031304.193359
57,245,-3258157681029.939453
57,246,-2385813101241.958496
57,304,5996794.265600
57,305,-458351608384.716797
57,306,832810748005.580811
57,307,23540218.265600
57,308,4014743013765.939453
57,309,-3288398545761.075195
57,310,85254.022400
57,311,-9092597807474.279297
57,312,5503640671564.595703
57,497,77538105.753600
57,498,5536142407080.345703
57,499,-3048096628788.428711
58,51,246791746774.630402
58,52,2592661517946.061035
58,53,553082051310.387207
58,54,-2320058655178.751953
58,55,-11122598638046.414062
58,56,-1484258878370.611328
58,57,5331250562727.936523
58,58,19568333139057.050781
58,59,1731132202680.320068
58,244,-3258027543520.870605
58,245,-11038396663201.792969
58,246,-799878227270.041626
58,304,458357728713.113647
58,305,10962708.070400
58,306,-1036600879559.475220
58,307,-4014730558360.780762
58,308,-119235294.003200
58,309,2431158077462.937500
58,310,9092796234963.353516
58,311,178696.012800
58,312,-2280082817574.502441
58,497,-5536117925766.758789
58,498,-347715639.705600
58,499,885675352968.396851
59,51,308652751296.921631
59,52,553109002230.169678
59,53,2842755745605.222656
59,54,-1936406406496.256104
59,55,-1484289802135.142578
59,56,-6472492092751.872070
59,57,4013399547995.750488
59,58,1731132202680.320068
59,59,5717642571048.550781
59,244,-2385613385262.694336
59,245,-799905983496.192017
59,246,-2087906009153.536133
59,304,-832823418159.104004
59,305,1036586491419.033691
59,306,-92593186.406400
59,307,3288452877097.369629
59,308,-2431157862714.572754
59,309,159222176.153600
59,310,-5503915549471.539062
59,311,2280145953593.753906
59,312,-598466.252800
59,497,3048134639248.998535
59,498,-885626766150.860840
59,499,137320883.814400
60,48,-616258.457600
60,60,1277391.974400
60,61,-660858.777600
60,301,383254.604800
60,313,-794253.721600
60,314,410999.091200
61,48,264052.403200
61,60,-660858.777600
61,61,396806.323200
61,301,-164242.176000
61,313,411064.729600
61,314,-246822.579200
62,49,-17699.684800
62,62,17762.345600
62,302,10977.834400
62,315,-10977.834400
63,24,-493363.712000
63,26,-740229.785600
63,63,1233669.324800
63,277,306721.971200
63,279,459596.185600
63,316,-766318.131200
64,29,-804411189441.331299
64,30,-1079187090912.051270
64,31,-199995071607.603210
64,64,2679299812989.337891
64,65,3325377355186.176270
64,66,670155773103.308838
64,67,-368434857430.220825
64,68,-630783861587.968018
64,72,-1506452477627.596924
64,73,-1615391638736.076904
64,74,-470153104772.300842
64,282,-32406310066.585602
64,283,1481251757018.316895
64,284,-259279874215.116821
64,317,-708239.411200
64,318,-4752052318529.126953
64,319,818304871772.979248
64,320,-39103741139.353600
64,321,871740975821.619263
64,325,71545055189.401596
64,326,2399035372811.059082
64,327,-559034822295.552002
65,29,-788933308422.553589
65,30,-7295894446460.109375
65,31,-1836675333147.852783
65,64,3325377355186.176270
65,65,21234562265566.414062
65,66,4490864190344.397461
65,67,-540509447231.897644
65,68,-3227567420709.273926
65,72,-1995984045342.720215
65,73,-10711102116383.949219
65,74,-2654276689277.747559
65,282,-1242612529260.134521
65,283,109282577298.227203
65,284,3662195777234.534668
65,317,4751934206928.486328
65,318,-227097.164800
65,319,-7989499882006.119141
65,320,-1051889889391.411255
65,321,-179586084949.196808
65,325,-2457441559327.539551
65,326,70367073166.950409
65,327,4327251276673.843262
66,29,-350851046572.032043
66,30,-1927426274125.414551
66,31,-5526018739666.944336
66,64,670155773103.308838
66,65,4490864190344.397461
66,66,13234343004182.937500
66,67,168086242905.292816
66,68,-317062619385.036804
66,72,-487380003848.192017
66,73,-2246394382594.867188
66,74,-7708325553006.182617
66,282,527544820013.465637
66,283,-3057529021215.539551
66,284,120125161839.001602
66,317,-818281947385.036865
66,318,7989474112202.342773
66,319,-361856.691200
66,320,-243444812978.585602
66,321,-780877399326.720093
66,325,534238956041.011230
66,326,-4150968638976.819336
66,327,-120279995410.022400
67,29,100902505545.728012
67,30,177787567393.996796
67,31,-86243057388.748810
67,64,-368434857430.220825
67,65,-540509447231.897644
67,66,168086242905.292816
67,67,65487976896.921600
67,68,96029918835.507202
67,69,-49373.584000
67,72,202043730742.476807
67,73,266688827018.444824
67,74,-81840534716.416000
67,282,-4950183011.942400
67,283,-354723523303.833618
67,284,-110366117016.371201
67,317,39105700718.182404
67,318,1051963440706.355225
67,319,243462637092.864014
67,320,-44839.177600
67,321,-165141720701.337616
67,322,30663.283200
67,325,-34160696832.819202
67,326,-532090935522.099243
67,327,-133098607162.163208
68,29,159418784153.600006
68,30,1081801222756.761597
68,31,129002725022.105606
68,64,-630783861587.968018
68,65,-3227567420709.273926
68,66,-317062619385.036804
68,67,96029918835.507202
68,68,523064095381.913635
68,70,-503374.438400
68,71,218849.203200
68,72,375344359224.115234
68,73,1622702209944.780762
68,74,188068739311.206421
68,282,247191393481.523224
68,283,-71846145818.624008
68,284,-379312828474.982422
68,317,-871707314015.436890
68,318,179583561655.910400
68,319,780869185201.766479
68,320,165127882853.580811
68,321,-177944.166400
68,323,312673.792000
68,324,-135968.896000
68,325,459392010525.081604
68,326,-107745837999.718399
68,327,-401551873854.668823
69,67,-49373.584000
69,69,49372.524800
69,320,30660.758400
69,322,-30660.758400
70,68,-503374.438400
70,70,1058964.480000
70,71,-555579.340800
70,321,312615.347200
70,323,-657751.603200
70,324,345136.256000
71,68,218849.203200
71,70,-555579.340800
71,71,336730.316800
71,321,-135912.844800
71,323,345082.572800
71,324,-209169.740800
72,29,454087242730.700806
72,30,649066302563.942383
72,31,161577944743.936005
72,64,-1506452477627.596924
72,65,-1995984045342.720215
72,66,-487380003848.192017
72,67,202043730742.476807
72,68,375344359224.115234
72,72,1700646310064.947266
72,73,1943134258017.075195
72,74,651593837130.547241
72,76,-1913230762967.040039
72,77,-2321882083544.269043
72,78,-733044831734.988892
72,79,135865035862.835205
72,80,1062906051008.921631
72,81,1214456119531.929688
72,82,407244987223.244812
72,282,37366648327.372803
72,283,-756703927520.460815
72,284,173538341499.699219
72,317,-71543276804.505600
72,318,2457464966899.302734
72,319,-534245666927.411255
72,320,34158529216.512001
72,321,-459402694256.230408
72,325,-754690.099200
72,326,-2482699403001.855957
72,327,721427857879.859253
72,329,-10811737.702400
72,330,3189094177413.529785
72,331,-811592267386.060791
72,332,-396051658204.774414
72,333,-2711674.880000
72,334,-1551681811854.131348
72,335,450884539305.164795
73,29,377162123601.510437
73,30,3683336894755.635254
73,31,919555719299.072021
73,64,-1615391638736.076904
73,65,-10711102116383.949219
73,66,-2246394382594.867188
73,67,266688827018.444824
73,68,1622702209944.780762
73,72,1943134258017.075195
73,73,10810145780216.626953
73,74,2653770527381.913574
73,76,-2186013584864.051270
73,77,-13244100310885.990234
73,78,-2985481374321.869141
73,79,1082669020898.918457
73,80,1214463635724.697754
73,81,6756350776311.808594
73,82,1658614042119.372803
73,282,625595702155.673584
73,283,-37412792382.259201
73,284,-1896252971994.316895
73,317,-2398988342919.167969
73,318,-70367133564.928009
73,319,4151004716702.105957
73,320,532056522096.640015
73,321,107747871398.297607
73,325,2482688665583.616211
73,326,-40684.857600
73,327,-4509453667794.944336
73,329,-2793039351670.374512
73,330,348037708775.424011
73,331,5073080508062.105469
73,332,-348003590628.966431
73,333,1551687287937.433594
73,334,-23857045.504000
73,335,-2818356465893.375977
74,29,226189164465.356812
74,30,1139333812925.235352
74,31,3212673762616.934570
74,64,-470153104772.300842
74,65,-2654276689277.747559
74,66,-7708325553006.182617
74,67,-81840534716.416000
74,68,188068739311.206421
74,72,651593837130.547241
74,73,2653770527381.913574
74,74,8991310452726.169922
74,75,-168384.499200
74,76,-733047516089.548828
74,77,-3203028339811.942383
74,78,-10115226943671.501953
74,79,217510914608.332825
74,80,407245201971.609619
74,81,1658617155970.662598
74,82,5619569999321.498047
74,282,-331429365520.793640
74,283,1670897970708.479980
74,284,-120188123375.206406
74,317,559011468410.880005
74,318,-4327178262229.811523
74,319,120278290844.876801
74,320,133087077859.328003
74,321,401550692738.662415
74,325,-721408852649.574463
74,326,4509354454050.406250
74,327,-40919.942400
74,328,104567.584000
74,329,811577610810.163208
74,330,-5286187336361.574219
74,331,28515903.078400
74,332,213155388273.459198
74,333,-450882391821.516846
74,334,2818319743922.995117
74,335,12986616.217600
75,74,-168384.499200
75,75,168382.336000
75,327,104533.561600
75,328,-104533.561600
76,72,-1913230762967.040039
76,73,-2186013584864.051270
76,74,-733047516089.548828
76,76,4304769270362.931641
76,77,5224192489920.921875
76,78,1649361608821.964844
76,79,-305691076067.328003
76,80,-2391538507395.891113
76,81,-2732505653103.820801
76,82,-916307220784.742432
76,325,13696679.936000
76,326,2793056316791.193848
76,327,-811600588885.196899
76,329,-3146535.526400
76,330,-7175494916741.530273
76,331,1826071917887.488037
76,332,891118203961.343994
76,333,21353322.905600
76,334,3491301605507.072266
76,335,-1014484267591.270508
77,72,-2321882083544.269043
77,73,-13244100310885.990234
77,74,-3203028339811.942383
77,76,5224192489920.921875
77,77,32489132363717.019531
77,78,7206783323996.160156
77,79,-2689905375733.350586
77,80,-2902359369003.827148
77,81,-16555126677097.677734
77,82,-4003799437095.731445
77,325,-3189058099688.243164
77,326,-348035319699.865601
77,327,5286268081746.739258
77,329,7175401286454.477539
77,330,618971.801600
77,331,-11893963597493.042969
77,332,782995945632.563232
77,333,-3986333093593.088379
77,334,-434981939707.903992
77,335,6607706253164.543945
78,72,-733044831734.988892
78,73,-2985481374321.869141
78,74,-10115226943671.501953
78,76,1649361608821.964844
78,77,7206783323996.160156
78,78,22759258475777.230469
78,79,-489398316354.764832
78,80,-916304321681.817627
78,81,-3731872172684.083496
78,82,-12644033250092.646484
78,325,811581637342.003296
78,326,-5073036269898.957031
78,327,-28469877.145600
78,329,-1826045074341.888184
78,330,11893941263663.105469
78,331,-352815.129600
78,332,-479601012768.768005
78,333,1014482656978.534424
78,334,-6341230161244.979492
78,335,-65002727.014400
79,72,135865035862.835205
79,73,1082669020898.918457
79,74,217510914608.332825
79,76,-305691076067.328003
79,77,-2689905375733.350586
79,78,-489398316354.764832
79,79,253896642736.947205
79,80,169832106845.798401
79,81,1353337645144.473633
79,82,271889227107.532806
79,325,396017325309.952026
79,326,347974814348.083191
79,327,-213142463106.252808
79,329,-891039337624.371216
79,330,-782936567709.696045
79,331,479565525601.484802
79,332,-15498.264000
79,333,495023220273.971252
79,334,434960115905.331238
79,335,-266422646420.275208
80,72,1062906051008.921631
80,73,1214463635724.697754
80,74,407245201971.609619
80,76,-2391538507395.891113
80,77,-2902359369003.827148
80,78,-916304321681.817627
80,79,169832106845.798401
80,80,1328633208006.246582
80,81,1518073478014.566406
80,82,509055415300.915222
80,83,-740613.990400
80,84,296252.569600
80,85,-1196529.664000
80,86,-399195.238400
80,87,-192273.241600
80,88,532962.048000
80,89,183700.326400
80,90,85150.195200
80,91,319771.059200
80,92,110275.763200
80,93,51093.993600
80,325,1124112.179200
80,326,-1551688146930.892822
80,327,450892484994.662415
80,329,-17900988.006400
80,330,3986362728867.430664
80,331,-1014491783784.038452
80,332,-495064290898.739197
80,333,-1286007.091200
80,334,-1939599714680.832031
80,335,563606707607.961670
80,336,459970.560000
80,337,-183968.000000
80,338,176347.840000
80,339,590629.888000
80,340,-156026.393600
80,341,-74522.873600
80,342,-252031.846400
80,343,66697.369600
80,344,-44754.928000
80,345,-151163.865600
80,346,40020.688000
81,72,1214456119531.929688
81,73,6756350776311.808594
81,74,1658617155970.662598
81,76,-2732505653103.820801
81,77,-16555126677097.677734
81,78,-3731872172684.083496
81,79,1353337645144.473633
81,80,1518073478014.566406
81,81,8445439007260.672852
81,82,2073279068530.278564
81,85,-299347.993600
81,86,-1349695.795200
81,87,-257656.806400
81,88,121314.995200
81,89,614326.886400
81,90,115918.835200
81,91,72803.980800
81,92,368621.004800
81,93,69534.982400
81,325,1551687610059.980957
81,326,23782822.707200
81,327,-2818405428520.550293
81,329,-3491308262706.380859
81,330,434988462689.484802
81,331,6341337535427.379883
81,332,-434999710135.091248
81,333,1939614317569.638428
81,334,-154096.512000
81,335,-3522938334609.408203
81,338,-413623.372800
81,339,248313.446400
81,340,579680.358400
81,341,180891.264000
81,342,-112951.078400
81,343,-280745.600000
81,344,108507.161600
81,345,-67618.092800
81,346,-168486.912000
82,72,407244987223.244812
82,73,1658614042119.372803
82,74,5619569999321.498047
82,76,-916307220784.742432
82,77,-4003799437095.731445
82,78,-12644033250092.646484
82,79,271889227107.532806
82,80,509055415300.915222
82,81,2073279068530.278564
82,82,7024463250771.149414
82,85,-204416.192000
82,86,-351048.883200
82,87,-1125346.816000
82,88,92749.177600
82,89,174295.897600
82,90,518805.401600
82,91,55636.979200
82,92,104541.670400
82,93,311276.851200
82,325,-450880834895.872009
82,326,2818345084230.041504
82,327,-13125523.865600
82,329,1014474281792.307251
82,330,-6607724721523.916992
82,331,64874283.008000
82,332,266443584385.843201
82,333,-563604130627.583984
82,334,3522894955439.718750
82,335,-137394.470400
82,338,331090.048000
82,339,-342080.332800
82,340,229253.657600
82,341,-151295.488000
82,342,162621.184000
82,343,-110103.808000
82,344,-90771.724800
82,345,97607.398400
82,346,-66107.756800
83,80,-740613.990400
83,83,1431873.638400
83,84,-691257.548800
83,333,460042.649600
83,336,-889341.440000
83,337,429298.816000
84,80,296252.569600
84,83,-691257.548800
84,84,395007.232000
84,333,-184026.764800
84,336,429361.843200
84,337,-245335.091200
85,80,-1196529.664000
85,81,-299347.993600
85,82,-204416.192000
85,85,4673866.956800
85,86,1238917.222400
85,87,814743.910400
85,88,-2073982.156800
85,89,-585046.937600
85,90,-353568.819200
85,91,-1687298.048000
85,92,-390456.704000
85,93,-323113.497600
85,94,283952.307200
85,95,35892.656000
85,96,66360.640000
85,333,228131.148800
85,334,624659.814400
85,335,-199354.393600
85,338,-809035.622400
85,339,-2116264.960000
85,340,767262.720000
85,341,340552.192000
85,342,915249.664000
85,343,-324842.342400
85,344,297860.428800
85,345,657464.115200
85,346,-312160.793600
85,347,-57481.030400
85,348,-81126.284800
85,349,69085.241600
86,80,-399195.238400
86,81,-1349695.795200
86,82,-351048.883200
86,85,1238917.222400
86,86,5422515.814400
86,87,1481478.348800
86,88,-522722.969600
86,89,-2546310.348800
86,90,-644490.342400
86,91,-352888.115200
86,92,-1681798.860800
86,93,-628153.753600
86,94,35879.734400
86,95,155293.888000
86,96,142185.369600
86,333,-380342.732800
86,334,247873.638400
86,335,523003.545600
86,338,1323519.283200
86,339,-948527.820800
86,340,-2555090.739200
86,341,-599513.139200
86,342,455765.094400
86,343,1240789.708800
86,344,-361624.806400
86,345,244642.867200
86,346,915783.680000
86,347,17979.433600
86,348,237.902775
86,349,-124496.025600
87,80,-192273.241600
87,81,-257656.806400
87,82,-1125346.816000
87,85,814743.910400
87,86,1481478.348800
87,87,4991596.134400
87,88,-361204.147200
87,89,-702909.337600
87,90,-2214414.131200
87,91,-327601.689600
87,92,-663072.460800
87,93,-2112497.049600
87,94,66349.971200
87,95,142173.926400
87,96,460660.992000
87,333,322440.576000
87,334,-367536.716800
87,335,177755.852800
87,338,-1410793.676800
87,339,1697228.697600
87,340,-953113.702400
87,341,617943.398400
87,342,-798796.236800
87,343,415379.814400
87,344,607903.334400
87,345,-633956.608000
87,346,495314.534400
87,347,-137496.179200
87,348,103066.272000
87,349,-135339.379200
88,80,532962.048000
88,81,121314.995200
88,82,92749.177600
88,85,-2073982.156800
88,86,-522722.969600
88,87,-361204.147200
88,88,1041249.382400
88,89,271167.104000
88,90,181380.083200
88,91,499774.822400
88,92,130240.358400
88,93,87070.067200
88,333,-106925.856000
88,334,-273272.217600
88,335,93775.776000
88,338,373071.590400
88,339,936431.820800
88,340,-351920.486400
88,341,-179792.704000
88,342,-448127.334400
88,343,174418.572800
88,344,-86354.028800
88,345,-215032.780800
88,346,83727.584000
89,80,183700.326400
89,81,614326.886400
89,82,174295.897600
89,85,-585046.937600
89,86,-2546310.348800
89,87,-702909.337600
89,88,271167.104000
89,89,1305372.672000
89,90,357204.428800
89,91,130180.044800
89,92,626604.697600
89,93,171427.673600
89,333,160088.563200
89,334,-112526.720000
89,335,-245333.376000
89,338,-578700.492800
89,339,454854.553600
89,340,1205416.652800
89,341,282878.105600
89,342,-231471.001600
89,343,-648638.976000
89,344,135731.494400
89,345,-110875.417600
89,346,-311423.616000
90,80,85150.195200
90,81,115918.835200
90,82,518805.401600
90,85,-353568.819200
90,86,-644490.342400
90,87,-2214414.131200
90,88,181380.083200
90,89,357204.428800
90,90,1145672.601600
90,91,87041.088000
90,92,171381.990400
90,93,549937.817600
90,333,-145887.500800
90,334,178551.027200
90,335,-77968.716800
90,338,612528.332800
90,339,-814777.241600
90,340,383417.139200
90,341,-315304.985600
90,342,429827.276800
90,343,-206319.564800
90,344,-151338.432000
90,345,206379.545600
90,346,-99106.918400
91,80,319771.059200
91,81,72803.980800
91,82,55636.979200
91,85,-1687298.048000
91,86,-352888.115200
91,87,-327601.689600
91,88,499774.822400
91,89,130180.044800
91,90,87041.088000
91,91,4495570615507.353516
91,92,1207320246117.990479
91,93,136372969432.678406
91,94,-8991138654034.330078
91,95,-2414600334291.763184
91,96,-272761910774.988800
91,97,4495568897520.435547
91,98,1207290718217.830566
91,99,136384713483.878403
91,333,-64122.374400
91,334,-163956.211200
91,335,56269.324800
91,338,317038.438400
91,339,670327.756800
91,340,-328407.500800
91,341,-86240.620800
91,342,-215090.611200
91,343,83726.470400
91,344,-185847.616000
91,345,-2326638974572.953613
91,346,474835692866.764832
91,347,-164604739.584000
91,348,4653373726916.608398
91,349,-949661614682.931274
91,350,133992192.409600
91,351,-2326713062758.809570
91,352,474834994934.579224
92,80,110275.763200
92,81,368621.004800
92,82,104541.670400
92,85,-390456.704000
92,86,-1681798.860800
92,87,-663072.460800
92,88,130240.358400
92,89,626604.697600
92,90,171381.990400
92,91,1207320246117.990479
92,92,5404995580696.986328
92,93,544218151491.993652
92,94,-2414561894334.464355
92,95,-10809989443407.052734
92,96,-1088383689634.611206
92,97,1207256358479.462402
92,98,5404994721703.526367
92,99,544179604160.512024
92,333,96029.926400
92,334,-67626.246400
92,335,-147224.614400
92,338,-349158.630400
92,339,245213.696000
92,340,894465.638400
92,341,135745.011200
92,342,-111316.774400
92,343,-311392.742400
92,344,2326660878906.163086
92,345,-111113.574400
92,346,-1498851351881.318359
92,347,-4653394342759.628906
92,348,100351351.193600
92,349,2997709146213.581055
92,350,2326725518163.968262
92,351,-74158905.753600
92,352,-1498876477440.000000
93,80,51093.993600
93,81,69534.982400
93,82,311276.851200
93,85,-323113.497600
93,86,-628153.753600
93,87,-2112497.049600
93,88,87070.067200
93,89,171427.673600
93,90,549937.817600
93,91,136372969432.678406
93,92,544218151491.993652
93,93,850311558620.774414
93,94,-272761400747.622406
93,95,-1088460999045.939209
93,96,-1700619573893.529785
93,97,136385679851.520004
93,98,544236405103.001648
93,99,850309250075.852783
93,333,-87530.451200
93,334,107136.044800
93,335,-46757.084800
93,338,604675.840000
93,339,-643399.731200
93,340,475777.024000
93,341,-151344.576000
93,342,206338.368000
93,343,-98985.747200
93,344,-474834028566.937622
93,345,1498830413915.750488
93,346,-766630.860800
93,347,949668057133.875244
93,348,-2997697979298.611328
93,349,32502087.680000
93,350,-474835263370.035217
93,351,1498859941815.910400
93,352,-23627923.456000
94,85,283952.307200
94,86,35879.734400
94,87,66349.971200
94,91,-8991138654034.330078
94,92,-2414561894334.464355
94,93,-272761400747.622406
94,94,18543473196846.285156
94,95,5396847168743.014648
94,96,826022981690.982422
94,97,-9832932487200.767578
94,98,-3266203228517.171387
94,99,-693492048409.395264
94,238,280597890701.721619
94,239,283895512904.499207
94,240,140233017602.867218
94,338,-57457.094400
94,339,-81133.772800
94,340,69086.220800
94,344,164783482.470400
94,345,4653321757812.326172
94,346,-949665802276.044800
94,347,-884452.761600
94,348,-10138919701263.156250
94,349,2340555312857.087891
94,350,-112263076.249600
94,351,5901612341211.955078
94,352,-1611532181123.891357
94,491,-11181622.886400
94,492,-416043898817.740845
94,493,220632013655.244812
95,85,35892.656000
95,86,155293.888000
95,87,142173.926400
95,91,-2414600334291.763184
