0,0,1521671229473.409912
1,0,428870826476.913452
2,0,233645006844.553802
3,0,-1521671229472.409912
4,0,-428870826476.913452
5,0,-233645006844.553802
930,0,0.000017
931,0,774213806359.231689
932,0,-424919273929.022583
1857,0,49547.939714
1858,0,-200049.801658
1859,0,144452.858166
2475,0,648004.947700
2476,0,133310.399975
2477,0,78740.831004
0,1,428870826476.913452
1,1,1805738607118.246338
2,1,424125371778.439575
3,1,-428870826476.913452
4,1,-1805738607117.246338
5,1,-424125371778.439575
930,1,-774213806359.231567
931,1,0.000004
932,1,777090585384.202515
1857,1,215475.093796
1858,1,55314.389028
1859,1,-200049.801658
2475,1,106593.010271
2476,1,695176.247894
2477,1,133310.399975
0,2,233645006844.553802
1,2,424125371778.439575
2,2,1521671229473.411133
3,2,-233645006844.553802
4,2,-424125371778.439575
5,2,-1521671229472.411133
930,2,424919273929.022766
931,2,-777090585384.202515
932,2,-0.000092
1857,2,-140417.989048
1858,2,215475.093796
1859,2,49547.939714
2475,2,85729.429319
2476,2,106593.010271
2477,2,648004.947700
0,3,-1521671229472.409912
1,3,-428870826476.913452
2,3,-233645006844.553802
3,3,2536118715787.286133
4,3,714784710794.837769
5,3,389408344740.910828
6,3,-507223743157.469910
7,3,-142956942158.971161
8,3,-77881668948.184601
12,3,-507223743157.438232
13,3,-142956942159.000458
14,3,-77881668948.198608
930,3,0.009047
931,3,-1290356343932.025146
932,3,708198789881.686401
933,3,0.000002
934,3,258071268786.410553
935,3,-141639757976.340912
939,3,-0.004538
940,3,258071268786.378326
941,3,-141639757976.322632
1857,3,-148643.819141
1858,3,600149.404975
1859,3,-433358.574498
1860,3,49547.939714
1861,3,-200049.801658
1862,3,144452.858166
1866,3,49547.939714
1867,3,-200049.801658
1868,3,144452.858166
2475,3,-1944014.843099
2476,3,-399931.199924
2477,3,-236222.493013
2478,3,648004.947700
2479,3,133310.399975
2480,3,78740.831004
2484,3,648004.947700
2485,3,133310.399975
2486,3,78740.831004
0,4,-428870826476.913452
1,4,-1805738607117.246338
2,4,-424125371778.439575
3,4,714784710794.837769
4,4,3009564345195.450684
5,4,706875619630.771362
6,4,-142956942158.971161
7,4,-601912869039.082153
8,4,-141375123926.146545
12,4,-142956942158.957855
13,4,-601912869039.102051
14,4,-141375123926.132355
930,4,1290356343932.080322
931,4,0.116131
932,4,-1295150975640.336182
933,4,-258071268786.410461
934,4,0.000004
935,4,259030195128.067505
939,4,-258071268786.426575
940,4,-0.145367
941,4,259030195128.083954
1857,4,-646425.281388
1858,4,-165943.167084
1859,4,600149.404975
1860,4,215475.093796
1861,4,55314.389028
1862,4,-200049.801658
1866,4,215475.093796
1867,4,55314.389028
1868,4,-200049.801658
2475,4,-319779.030812
2476,4,-2085528.743681
2477,4,-399931.199924
2478,4,106593.010271
2479,4,695176.247894
2480,4,133310.399975
2484,4,106593.010271
2485,4,695176.247894
2486,4,133310.399975
0,5,-233645006844.553802
1,5,-424125371778.439575
2,5,-1521671229472.411133
3,5,389408344740.910828
4,5,706875619630.771362
5,5,2536118715787.389160
6,5,-77881668948.184601
7,5,-141375123926.146545
8,5,-507223743157.470337
12,5,-77881668948.177048
13,5,-141375123926.131287
14,5,-507223743157.489197
930,5,-708198789881.722900
931,5,1295150975640.339111
932,5,-0.100342
933,5,141639757976.340942
934,5,-259030195128.067505
935,5,-0.000031
939,5,141639757976.352081
940,5,-259030195128.085327
941,5,0.123764
1857,5,421253.967144
1858,5,-646425.281388
1859,5,-148643.819141
1860,5,-140417.989048
1861,5,215475.093796
1862,5,49547.939714
1866,5,-140417.989048
1867,5,215475.093796
1868,5,49547.939713
2475,5,-257188.287956
2476,5,-319779.030812
2477,5,-1944014.843099
2478,5,85729.429319
2479,5,106593.010271
2480,5,648004.947700
2484,5,85729.429319
2485,5,106593.010271
2486,5,648004.947700
3,6,-507223743157.469910
4,6,-142956942158.971161
5,6,-77881668948.184601
6,6,507223815032.323914
7,6,142956960127.434631
8,6,77881686916.648132
9,6,106919.040412
10,6,1441026.975473
11,6,-1655756.796963
930,6,0.000002
931,6,258071268786.410553
932,6,-141639757976.340912
933,6,0.000006
934,6,-258071301464.816803
935,6,141639790654.747223
936,6,-1877325.391870
937,6,1133922.250314
938,6,743403.141557
1857,6,49547.939714
1858,6,-200049.801658
1859,6,144452.858166
1860,6,-49563.341254
1861,6,200112.641898
1862,6,-144523.399176
1863,6,15.401540
1864,6,-62.840240
1865,6,70.541010
2475,6,648004.947700
2476,6,133310.399975
2477,6,78740.831004
2478,6,-648158.963101
2479,6,-133355.572888
2480,6,-78772.665792
2481,6,154.015402
2482,6,45.172913
2483,6,31.834788
3,7,-142956942158.971161
4,7,-601912869039.082153
5,7,-141375123926.146545
6,7,142956960127.434631
7,7,601912940913.936157
8,7,141375141894.610016
9,7,-1655756.796963
10,7,106919.040412
11,7,1441026.975473
930,7,-258071268786.410461
931,7,0.000004
932,7,259030195128.067505
933,7,258071301464.816772
934,7,-0.000004
935,7,-259030227806.473755
936,7,743403.141557
937,7,-1877325.391870
938,7,1133922.250314
1857,7,215475.093796
1858,7,55314.389028
1859,7,-200049.801658
1860,7,-215545.634806
1861,7,-55329.790568
1862,7,200112.641898
1863,7,70.541010
1864,7,15.401540
1865,7,-62.840240
2475,7,106593.010271
2476,7,695176.247894
2477,7,133310.399975
2478,7,-106624.845059
2479,7,-695330.263295
2480,7,-133355.572888
2481,7,31.834788
2482,7,154.015402
2483,7,45.172913
3,8,-77881668948.184601
4,8,-141375123926.146545
5,8,-507223743157.470337
6,8,77881686916.648132
7,8,141375141894.610016
8,8,507223815032.324341
9,8,-2935959.341486
10,8,3257608.203388
11,8,-429459.642980
930,8,141639757976.340942
931,8,-259030195128.067505
932,8,-0.000031
933,8,-141639790654.747223
934,8,259030227806.473755
935,8,0.000031
936,8,-2169809.281651
937,8,-1584841.502090
938,8,3754650.783741
1857,8,-140417.989048
1858,8,215475.093796
1859,8,49547.939714
1860,8,140480.829288
1861,8,-215545.634806
1862,8,-49563.341254
1863,8,-62.840240
1864,8,70.541010
1865,8,15.401540
2475,8,85729.429319
2476,8,106593.010271
2477,8,648004.947700
2478,8,-85774.602232
2479,8,-106624.845059
2480,8,-648158.963101
2481,8,45.172913
2482,8,31.834788
2483,8,154.015402
6,9,106919.040412
7,9,-1655756.796963
8,9,-2935959.341486
9,9,31774189928.699520
10,9,-292044100.977872
11,9,-270666656.388227
18,9,-5205903622.373974
19,9,3785651.606763
20,9,952241.894649
63,9,-5205903622.373974
64,9,3785651.606764
65,9,952241.894649
111,9,-20823614489.495895
112,9,15142606.427057
113,9,3808967.578598
933,9,1877325.391870
934,9,-743403.141557
935,9,2169809.281651
936,9,0.000010
937,9,531127927.365724
938,9,-503512773.169381
945,9,-0.000000
946,9,-6884945.531145
947,9,1731797.909759
990,9,-0.000001
991,9,-6884945.531144
992,9,1731797.909759
1038,9,-0.000004
1039,9,-27539782.124577
1040,9,6927191.639037
1860,9,15.401540
1861,9,-62.840240
1862,9,70.541010
1863,9,-256776.355107
1864,9,463.349213
1865,9,11545.202360
1872,9,64190.238392
1873,9,-100.127243
1874,9,-1.744038
1917,9,64190.238392
1918,9,-100.127243
1919,9,-1.744038
1965,9,128380.476783
1966,9,-200.254486
1967,9,-3.488075
2478,9,154.015402
2479,9,45.172913
2480,9,31.834788
2481,9,-131941.975942
2482,9,145.345972
2483,9,-20224.742374
2490,9,32946.990135
2491,9,-47.629721
2492,9,21.483237
2535,9,32946.990135
2536,9,-47.629721
2537,9,21.483237
2583,9,65893.980270
2584,9,-95.259442
2585,9,42.966475
6,10,1441026.975473
7,10,106919.040412
8,10,3257608.203388
9,10,-292044100.977872
10,10,31742999410.347244
11,10,-296958245.709608
18,10,3785651.606763
19,10,-5200705202.648595
20,10,3785781.561993
63,10,3785651.606763
64,10,-5200705202.648595
65,10,3785781.561993
111,10,15142606.427053
112,10,-20802820810.594379
113,10,15143126.247973
933,10,-1133922.250314
934,10,1877325.391870
935,10,1584841.502090
936,10,-531127927.365735
937,10,0.007536
938,10,528799210.035064
945,10,6884945.531145
946,10,-0.000000
947,10,-6884866.749974
990,10,6884945.531146
991,10,-0.001508
992,10,-6884866.749975
1038,10,27539782.124584
1039,10,-0.006032
1040,10,-27539466.999899
1860,10,70.541010
1861,10,15.401540
1862,10,-62.840240
1863,10,-105.801302
1864,10,-256514.230142
1865,10,12072.116432
1872,10,8.815073
1873,10,64124.707150
1874,10,-100.127243
1917,10,8.815073
1918,10,64124.707150
1919,10,-100.127243
1965,10,17.630146
1966,10,128249.414301
1967,10,-200.254486
2478,10,31.834788
2479,10,154.015402
2480,10,45.172913
2481,10,-473.945175
2482,10,-132135.986741
2483,10,20252.320609
2490,10,110.527597
2491,10,32995.492835
2492,10,-47.629721
2535,10,110.527597
2536,10,32995.492835
2537,10,-47.629721
2583,10,221.055194
2584,10,65990.985670
2585,10,-95.259442
6,11,-1655756.796963
7,11,1441026.975473
8,11,-429459.642980
9,11,-270666656.388227
10,11,-296958245.709608
11,11,31775262686.066303
18,11,952241.894649
19,11,3785781.561993
20,11,-5205903622.373975
63,11,952241.894649
64,11,3785781.561992
65,11,-5205903622.373975
111,11,3808967.578596
112,11,15143126.247969
113,11,-20823614489.495899
933,11,-743403.141557
934,11,-1133922.250314
935,11,-3754650.783741
936,11,503512773.169381
937,11,-528799210.035045
938,11,-0.007564
945,11,-1731797.909759
946,11,6884866.749974
947,11,-0.000000
990,11,-1731797.909759
991,11,6884866.749973
992,11,0.001512
1038,11,-6927191.639037
1039,11,27539466.999892
1040,11,0.006046
1860,11,-62.840240
1861,11,70.541010
1862,11,15.401540
1863,11,133.772282
1864,11,-105.801302
1865,11,-279993.889545
1872,11,-17.733011
1873,11,8.815073
1874,11,64190.238392
1917,11,-17.733011
1918,11,8.815073
1919,11,64190.238392
1965,11,-35.466021
1966,11,17.630146
1967,11,128380.476783
2478,11,45.172913
2479,11,31.834788
2480,11,154.015402
2481,11,3.835086
2482,11,-473.945175
2483,11,-131941.975942
2490,11,-12.252000
2491,11,110.527597
2492,11,32946.990135
2535,11,-12.252000
2536,11,110.527597
2537,11,32946.990135
2583,11,-24.503999
2584,11,221.055194
2585,11,65893.980270
3,12,-507223743157.438232
4,12,-142956942158.957855
5,12,-77881668948.177048
12,12,507223815032.323914
13,12,142956960127.468567
14,12,77881686916.666748
15,12,106919.040412
16,12,1441026.975473
17,12,-1655756.796963
930,12,-0.004534
931,12,258071268786.394501
932,12,-141639757976.329803
939,12,0.000006
940,12,-258071301464.795990
941,12,141639790654.735931
942,12,-1877325.391870
943,12,1133922.250314
944,12,743403.141557
1857,12,49547.939714
1858,12,-200049.801658
1859,12,144452.858166
1866,12,-49563.341254
1867,12,200112.641898
1868,12,-144523.399176
1869,12,15.401540
1870,12,-62.840240
1871,12,70.541010
2475,12,648004.947700
2476,12,133310.399975
2477,12,78740.831004
2484,12,-648158.963101
2485,12,-133355.572888
2486,12,-78772.665792
2487,12,154.015402
2488,12,45.172913
2489,12,31.834788
3,13,-142956942159.000458
4,13,-601912869039.102051
5,13,-141375123926.131287
12,13,142956960127.468567
13,13,601912940913.936035
14,13,141375141894.541840
15,13,-1655756.796963
16,13,106919.040412
17,13,1441026.975474
930,13,-258071268786.401245
931,13,0.029236
932,13,259030195128.090668
939,13,258071301464.796021
940,13,-0.000019
941,13,-259030227806.514740
942,13,743403.141557
943,13,-1877325.391870
944,13,1133922.250313
1857,13,215475.093796
1858,13,55314.389028
1859,13,-200049.801658
1866,13,-215545.634806
1867,13,-55329.790568
1868,13,200112.641898
1869,13,70.541010
1870,13,15.401540
1871,13,-62.840240
2475,13,106593.010271
2476,13,695176.247894
2477,13,133310.399975
2484,13,-106624.845059
2485,13,-695330.263295
2486,13,-133355.572887
2487,13,31.834788
2488,13,154.015402
2489,13,45.172913
3,14,-77881668948.198608
4,14,-141375123926.132355
5,14,-507223743157.489197
12,14,77881686916.666748
13,14,141375141894.541840
14,14,507223815032.324219
15,14,-2935959.341486
16,14,3257608.203388
17,14,-429459.642979
930,14,141639757976.336609
931,14,-259030195128.092102
932,14,-0.023407
939,14,-141639790654.735901
940,14,259030227806.514709
941,14,0.000034
942,14,-2169809.281651
943,14,-1584841.502089
944,14,3754650.783740
1857,14,-140417.989048
1858,14,215475.093796
1859,14,49547.939714
1866,14,140480.829288
1867,14,-215545.634806
1868,14,-49563.341254
1869,14,-62.840240
1870,14,70.541010
1871,14,15.401540
2475,14,85729.429319
2476,14,106593.010271
2477,14,648004.947700
2484,14,-85774.602232
2485,14,-106624.845059
2486,14,-648158.963101
2487,14,45.172913
2488,14,31.834788
2489,14,154.015402
12,15,106919.040412
13,15,-1655756.796963
14,15,-2935959.341486
15,15,31774189928.699512
16,15,-292044100.977942
17,15,-270666656.388423
216,15,-5205903622.373974
217,15,3785651.606764
218,15,952241.894649
261,15,-5205903622.373974
262,15,3785651.606764
263,15,952241.894649
315,15,-20823614489.495895
316,15,15142606.427057
317,15,3808967.578598
939,15,1877325.391870
940,15,-743403.141557
941,15,2169809.281651
942,15,0.000000
943,15,531127927.365687
944,15,-503512773.169341
1143,15,-0.000000
1144,15,-6884945.531144
1145,15,1731797.909759
1188,15,-0.000000
1189,15,-6884945.531144
1190,15,1731797.909759
1242,15,-0.000000
1243,15,-27539782.124577
1244,15,6927191.639037
1866,15,15.401540
1867,15,-62.840240
1868,15,70.541010
1869,15,-256776.355107
1870,15,463.349213
1871,15,11545.202360
2070,15,64190.238392
2071,15,-100.127243
2072,15,-1.744038
2115,15,64190.238392
2116,15,-100.127243
2117,15,-1.744038
2169,15,128380.476783
2170,15,-200.254486
2171,15,-3.488075
2484,15,154.015402
2485,15,45.172913
2486,15,31.834788
2487,15,-131941.975942
2488,15,145.345972
2489,15,-20224.742374
2688,15,32946.990135
2689,15,-47.629721
2690,15,21.483237
2733,15,32946.990135
2734,15,-47.629721
2735,15,21.483237
2787,15,65893.980270
2788,15,-95.259442
2789,15,42.966475
12,16,1441026.975473
13,16,106919.040412
14,16,3257608.203388
15,16,-292044100.977942
16,16,31742999410.347221
17,16,-296958245.709400
216,16,3785651.606764
217,16,-5200705202.648592
218,16,3785781.561991
261,16,3785651.606764
262,16,-5200705202.648592
263,16,3785781.561991
315,16,15142606.427057
316,16,-20802820810.594368
317,16,15143126.247966
939,16,-1133922.250314
940,16,1877325.391870
941,16,1584841.502089
942,16,-531127927.365687
943,16,-0.000001
944,16,528799210.035023
1143,16,6884945.531144
1144,16,-0.000000
1145,16,-6884866.749975
1188,16,6884945.531144
1189,16,-0.000000
1190,16,-6884866.749975
1242,16,27539782.124577
1243,16,-0.000001
1244,16,-27539466.999899
1866,16,70.541010
1867,16,15.401540
1868,16,-62.840240
1869,16,-105.801302
1870,16,-256514.230142
1871,16,12072.116432
2070,16,8.815073
2071,16,64124.707150
2072,16,-100.127243
2115,16,8.815073
2116,16,64124.707150
2117,16,-100.127243
2169,16,17.630146
2170,16,128249.414301
2171,16,-200.254486
2484,16,31.834788
2485,16,154.015402
2486,16,45.172913
2487,16,-473.945175
2488,16,-132135.986741
2489,16,20252.320609
2688,16,110.527597
2689,16,32995.492835
2690,16,-47.629721
2733,16,110.527597
2734,16,32995.492835
2735,16,-47.629721
2787,16,221.055194
2788,16,65990.985670
2789,16,-95.259442
12,17,-1655756.796963
13,17,1441026.975474
14,17,-429459.642979
15,17,-270666656.388423
16,17,-296958245.709400
17,17,31775262686.066422
216,17,952241.894649
217,17,3785781.561991
218,17,-5205903622.373973
261,17,952241.894649
262,17,3785781.561991
263,17,-5205903622.373973
315,17,3808967.578598
316,17,15143126.247966
317,17,-20823614489.495892
939,17,-743403.141558
940,17,-1133922.250313
941,17,-3754650.783741
942,17,503512773.169342
943,17,-528799210.035258
944,17,0.000234
1143,17,-1731797.909759
1144,17,6884866.749975
1145,17,-0.000000
1188,17,-1731797.909759
1189,17,6884866.749975
1190,17,-0.000000
1242,17,-6927191.639037
1243,17,27539466.999899
1244,17,-0.000002
1866,17,-62.840240
1867,17,70.541010
1868,17,15.401540
1869,17,133.772282
1870,17,-105.801302
1871,17,-279993.889545
2070,17,-17.733011
2071,17,8.815073
2072,17,64190.238392
2115,17,-17.733011
2116,17,8.815073
2117,17,64190.238392
2169,17,-35.466021
2170,17,17.630146
2171,17,128380.476783
2484,17,45.172913
2485,17,31.834788
2486,17,154.015402
2487,17,3.835086
2488,17,-473.945175
2489,17,-131941.975942
2688,17,-12.252000
2689,17,110.527597
2690,17,32946.990135
2733,17,-12.252000
2734,17,110.527597
2735,17,32946.990135
2787,17,-24.503999
2788,17,221.055194
2789,17,65893.980270
9,18,-5205903622.373974
10,18,3785651.606763
11,18,952241.894649
18,18,5207985984.822923
19,18,-3787165.867406
20,18,-952622.791407
21,18,-2082361.448950
22,18,1514.260643
23,18,380.896758
936,18,-0.000000
937,18,-6884945.531145
938,18,1731797.909759
945,18,-0.000000
946,18,6887699.509357
947,18,-1732490.628923
948,18,0.000000
949,18,-2753.978212
950,18,692.719164
1863,18,64190.238392
1864,18,-100.127243
1865,18,-1.744038
1872,18,-65474.043160
1873,18,102.129788
1874,18,1.778918
1875,18,1283.804768
1876,18,-2.002545
1877,18,-0.034881
2481,18,32946.990135
2482,18,-47.629721
2483,18,21.483237
2490,18,-33605.929938
2491,18,48.582316
2492,18,-21.912902
2493,18,658.939803
2494,18,-0.952594
2495,18,0.429665
9,19,3785651.606763
10,19,-5200705202.648595
11,19,3785781.561993
18,19,-3787165.867406
19,19,5202785485.729654
20,19,-3787295.874618
21,19,1514.260643
22,19,-2080282.081059
23,19,1514.312625
936,19,6884945.531145
937,19,-0.000000
938,19,-6884866.749974
945,19,-6887699.509357
946,19,-0.000000
947,19,6887620.696674
948,19,2753.978212
949,19,0.000000
950,19,-2753.946700
1863,19,8.815073
1864,19,64124.707150
1865,19,-100.127243
1872,19,-8.991374
1873,19,-65407.201293
1874,19,102.129788
1875,19,0.176301
1876,19,1282.494143
1877,19,-2.002545
2481,19,110.527597
2482,19,32995.492835
2483,19,-47.629721
2490,19,-112.738149
2491,19,-33655.402692
2492,19,48.582316
2493,19,2.210552
2494,19,659.909857
2495,19,-0.952594
9,20,952241.894649
10,20,3785781.561993
11,20,-5205903622.373975
18,20,-952622.791407
19,20,-3787295.874618
20,20,5207985984.822924
21,20,380.896758
22,20,1514.312625
23,20,-2082361.448950
936,20,-1731797.909759
937,20,6884866.749974
938,20,-0.000000
945,20,1732490.628923
946,20,-6887620.696674
947,20,0.000001
948,20,-692.719164
949,20,2753.946700
950,20,-0.000000
1863,20,-17.733011
1864,20,8.815073
1865,20,64190.238392
1872,20,18.087671
1873,20,-8.991374
1874,20,-65474.043160
1875,20,-0.354660
1876,20,0.176301
1877,20,1283.804768
2481,20,-12.252000
2482,20,110.527597
2483,20,32946.990135
2490,20,12.497040
2491,20,-112.738149
2492,20,-33605.929938
2493,20,-0.245040
2494,20,2.210552
2495,20,658.939803
18,21,-2082361.448950
19,21,1514.260643
20,21,380.896758
21,21,2082361.448950
22,21,-1514.260643
23,21,-380.896758
945,21,0.000000
946,21,-2753.978212
947,21,692.719164
948,21,-0.000000
949,21,2753.978212
950,21,-692.719164
1872,21,1283.804768
1873,21,-2.002545
1874,21,-0.034881
1875,21,-65474.043160
1876,21,102.129788
1877,21,1.778918
1878,21,32095.119196
1879,21,-50.063622
1880,21,-0.872019
1881,21,32095.119196
1882,21,-50.063622
1883,21,-0.872019
2490,21,658.939803
2491,21,-0.952594
2492,21,0.429665
2493,21,-33605.929938
2494,21,48.582316
2495,21,-21.912902
2496,21,16473.495068
2497,21,-23.814861
2498,21,10.741619
2499,21,16473.495068
2500,21,-23.814861
2501,21,10.741619
18,22,1514.260643
19,22,-2080282.081059
20,22,1514.312625
21,22,-1514.260643
22,22,2080282.081059
23,22,-1514.312625
945,22,2753.978212
946,22,0.000000
947,22,-2753.946700
948,22,-2753.978212
949,22,-0.000000
950,22,2753.946700
1872,22,0.176301
1873,22,1282.494143
1874,22,-2.002545
1875,22,-8.991374
1876,22,-65407.201293
1877,22,102.129788
1878,22,4.407536
1879,22,32062.353575
1880,22,-50.063622
1881,22,4.407536
1882,22,32062.353575
1883,22,-50.063622
2490,22,2.210552
2491,22,659.909857
2492,22,-0.952594
2493,22,-112.738149
2494,22,-33655.402692
2495,22,48.582316
2496,22,55.263798
2497,22,16497.746417
2498,22,-23.814861
2499,22,55.263798
2500,22,16497.746417
2501,22,-23.814861
18,23,380.896758
19,23,1514.312625
20,23,-2082361.448950
21,23,-380.896758
22,23,-1514.312625
23,23,2082361.448950
945,23,-692.719164
946,23,2753.946700
947,23,-0.000000
948,23,692.719164
949,23,-2753.946700
950,23,0.000000
1872,23,-0.354660
1873,23,0.176301
1874,23,1283.804768
1875,23,18.087671
1876,23,-8.991374
1877,23,-65474.043160
1878,23,-8.866505
1879,23,4.407536
1880,23,32095.119196
1881,23,-8.866505
1882,23,4.407536
1883,23,32095.119196
2490,23,-0.245040
2491,23,2.210552
2492,23,658.939803
2493,23,12.497040
2494,23,-112.738149
2495,23,-33605.929938
2496,23,-6.126000
2497,23,55.263798
2498,23,16473.495068
2499,23,-6.126000
2500,23,55.263798
2501,23,16473.495068
24,24,484859.030876
25,24,-242405.258012
26,24,-238465.970327
843,24,418030.575459
844,24,-420840.408651
845,24,-1177.969345
951,24,-0.000000
952,24,440851.134044
953,24,-443824.492423
1770,24,258747.728016
1771,24,253169.965605
1772,24,-508944.335242
1875,24,32095.119196
1876,24,-50.063622
1877,24,-0.872019
1878,24,-32095.581242
1879,24,51.948829
1880,24,347.018805
2412,24,2.347253
2413,24,-1.654184
2493,24,16473.495068
2494,24,-23.814861
2495,24,10.741619
2496,24,-16478.115530
2497,24,22.459673
2498,24,-614.905901
3030,24,3.265275
3031,24,3.665418
24,25,-242405.258012
25,25,484859.030876
26,25,-246827.286512
843,25,4396.241445
844,25,419182.757749
845,25,-419205.485546
951,25,-440851.134044
952,25,0.000000
953,25,438755.713864
1770,25,-509529.627375
1771,25,256067.015704
1772,25,255558.031851
1875,25,4.407536
1876,25,32062.353575
1877,25,-50.063622
1878,25,-6.523767
1879,25,-32062.815621
1880,25,400.211845
2413,25,2.347253
2414,25,-1.654184
2493,25,55.263798
2494,25,16497.746417
2495,25,-23.814861
2496,25,-56.218842
2497,25,-16502.366879
2498,25,625.668912
3031,25,3.265275
3032,25,3.665418
24,26,-238465.970327
25,26,-246827.286512
26,26,485824.512506
843,26,-420479.693490
844,26,-3218.272100
845,26,423166.709924
951,26,443824.492423
952,26,-438755.713865
953,26,0.000000
1770,26,255425.029284
1771,26,-509743.859165
1772,26,249250.051322
1875,26,-8.866505
1876,26,4.407536
1877,26,32095.119196
1878,26,10.751712
1879,26,-6.523767
1880,26,-32792.107275
2412,26,-1.654184
2414,26,2.347253
2493,26,-6.126000
2494,26,55.263798
2495,26,16473.495068
2496,26,4.770812
2497,26,-56.218842
2498,26,-16478.115530
3030,26,3.665418
3032,26,3.265275
1875,27,32095.119196
1876,27,-50.063622
1877,27,-0.872019
1881,27,-96285.357588
1882,27,150.190865
1883,27,2.616057
1884,27,32095.119196
1885,27,-50.063622
1886,27,-0.872019
1890,27,32095.119196
1891,27,-50.063622
1892,27,-0.872019
2493,27,16473.495068
2494,27,-23.814861
2495,27,10.741619
2499,27,-49420.485203
2500,27,71.444582
2501,27,-32.224856
2502,27,16473.495068
2503,27,-23.814861
2504,27,10.741619
2508,27,16473.495068
2509,27,-23.814861
2510,27,10.741619
1875,28,4.407536
1876,28,32062.353575
1877,28,-50.063622
1881,28,-13.222609
1882,28,-96187.060726
1883,28,150.190865
1884,28,4.407536
1885,28,32062.353575
1886,28,-50.063622
1890,28,4.407536
1891,28,32062.353575
1892,28,-50.063622
2493,28,55.263798
2494,28,16497.746417
2495,28,-23.814861
2499,28,-165.791395
2500,28,-49493.239252
2501,28,71.444582
2502,28,55.263798
2503,28,16497.746417
2504,28,-23.814861
2508,28,55.263798
2509,28,16497.746417
2510,28,-23.814861
1875,29,-8.866505
1876,29,4.407536
1877,29,32095.119196
1881,29,26.599516
1882,29,-13.222609
1883,29,-96285.357588
1884,29,-8.866505
1885,29,4.407536
1886,29,32095.119196
1890,29,-8.866505
1891,29,4.407536
1892,29,32095.119196
2493,29,-6.126000
2494,29,55.263798
2495,29,16473.495068
2499,29,18.377999
2500,29,-165.791395
2501,29,-49420.485203
2502,29,-6.126000
2503,29,55.263798
2504,29,16473.495068
2508,29,-6.126000
2509,29,55.263798
2510,29,16473.495068
30,30,1546106.603558
31,30,-772975.950294
32,30,-760414.446196
924,30,1333005.661540
925,30,-1341965.588810
926,30,-3756.279799
957,30,0.000000
958,30,1405775.299885
959,30,-1415256.672266
1851,30,825088.418419
1852,30,807302.186239
1853,30,-1622909.232278
1881,30,32095.119196
1882,30,-50.063622
1883,30,-0.872019
1884,30,-64191.063474
1885,30,103.493685
1886,30,619.863299
1887,30,32095.119196
1888,30,-50.063622
1889,30,-0.872019
2469,30,4.191524
2470,30,-2.953900
2499,30,16473.495068
2500,30,-23.814861
2501,30,10.741619
2502,30,-32955.240960
2503,30,45.209744
2504,30,-1100.348028
2505,30,16473.495068
2506,30,-23.814861
2507,30,10.741619
3087,30,5.830848
3088,30,6.545390
30,31,-772975.950294
31,31,1546106.603558
32,31,-787076.806481
924,31,14018.627058
925,31,1336679.712210
926,31,-1336752.186051
957,31,-1405775.299885
958,31,-0.000000
959,31,1399093.475333
1851,31,-1624775.597498
1852,31,816540.228648
1853,31,814917.193401
1881,31,4.407536
1882,31,32062.353575
1883,31,-50.063622
1884,31,-12.594056
1885,31,-64125.532233
1886,31,725.391928
1887,31,4.407536
1888,31,32062.353575
1889,31,-50.063622
2470,31,4.191524
2471,31,-2.953900
2499,31,55.263798
2500,31,16497.746417
2501,31,-23.814861
2502,31,-112.233032
2503,31,-33003.743660
2504,31,1122.369099
2505,31,55.263798
2506,31,16497.746417
2507,31,-23.814861
3088,31,5.830848
3089,31,6.545390
30,32,-760414.446196
31,32,-787076.806481
32,32,1549185.307737
924,32,-1340815.349139
925,32,-10262.347258
926,32,1349383.641338
957,32,1415256.672266
958,32,-1399093.475334
959,32,0.000001
1851,32,814493.078075
1852,32,-1625458.734582
1853,32,794802.459574
1881,32,-8.866505
1882,32,4.407536
1883,32,32095.119196
1884,32,21.099452
1885,32,-12.594056
1886,32,-65434.859962
1887,32,-8.866505
1888,32,4.407536
1889,32,32095.119196
2469,32,-2.953900
2471,32,4.191524
2499,32,-6.126000
2500,32,55.263798
2501,32,16473.495068
2502,32,9.832022
2503,32,-112.233032
2504,32,-32955.240960
2505,32,-6.126000
2506,32,55.263798
2507,32,16473.495068
3087,32,6.545390
3089,32,5.830848
33,33,484859.030876
34,33,-242405.258012
35,33,-238465.970327
807,33,418030.575459
808,33,-420840.408651
809,33,-1177.969345
960,33,-0.000000
961,33,440851.134044
962,33,-443824.492422
1734,33,258747.728016
1735,33,253169.965605
1736,33,-508944.335242
1884,33,32095.119196
1885,33,-50.063622
1886,33,-0.872019
1887,33,-32095.581242
1888,33,51.948829
1889,33,347.018805
2376,33,2.347253
2377,33,-1.654184
2502,33,16473.495068
2503,33,-23.814861
2504,33,10.741619
2505,33,-16478.115530
2506,33,22.459673
2507,33,-614.905901
2994,33,3.265275
2995,33,3.665418
33,34,-242405.258012
34,34,484859.030876
35,34,-246827.286512
807,34,4396.241445
808,34,419182.757749
809,34,-419205.485546
960,34,-440851.134044
961,34,0.000000
962,34,438755.713864
1734,34,-509529.627375
1735,34,256067.015704
1736,34,255558.031851
1884,34,4.407536
1885,34,32062.353575
1886,34,-50.063622
1887,34,-6.523767
1888,34,-32062.815621
1889,34,400.211845
2377,34,2.347253
2378,34,-1.654184
2502,34,55.263798
2503,34,16497.746417
2504,34,-23.814861
2505,34,-56.218842
2506,34,-16502.366879
2507,34,625.668912
2995,34,3.265275
2996,34,3.665418
33,35,-238465.970327
34,35,-246827.286512
35,35,485824.512506
807,35,-420479.693490
808,35,-3218.272100
809,35,423166.709924
960,35,443824.492423
961,35,-438755.713865
962,35,0.000000
1734,35,255425.029284
1735,35,-509743.859165
1736,35,249250.051322
1884,35,-8.866505
1885,35,4.407536
1886,35,32095.119196
1887,35,10.751712
1888,35,-6.523767
1889,35,-32792.107275
2376,35,-1.654184
2378,35,2.347253
2502,35,-6.126000
2503,35,55.263798
2504,35,16473.495068
2505,35,4.770812
2506,35,-56.218842
2507,35,-16478.115530
2994,35,3.665418
2996,35,3.265275
1881,36,32095.119196
1882,36,-50.063622
1883,36,-0.872019
1890,36,-96285.357588
1891,36,150.190865
1892,36,2.616057
1893,36,32095.119196
1894,36,-50.063622
1895,36,-0.872019
1896,36,32095.119196
1897,36,-50.063622
1898,36,-0.872019
2499,36,16473.495068
2500,36,-23.814861
2501,36,10.741619
2508,36,-49420.485203
2509,36,71.444582
2510,36,-32.224856
2511,36,16473.495068
2512,36,-23.814861
2513,36,10.741619
2514,36,16473.495068
2515,36,-23.814861
2516,36,10.741619
1881,37,4.407536
1882,37,32062.353575
1883,37,-50.063622
1890,37,-13.222609
1891,37,-96187.060726
1892,37,150.190865
1893,37,4.407536
1894,37,32062.353575
1895,37,-50.063622
1896,37,4.407536
1897,37,32062.353575
1898,37,-50.063622
2499,37,55.263798
2500,37,16497.746417
2501,37,-23.814861
2508,37,-165.791395
2509,37,-49493.239252
2510,37,71.444582
2511,37,55.263798
2512,37,16497.746417
2513,37,-23.814861
2514,37,55.263798
2515,37,16497.746417
2516,37,-23.814861
1881,38,-8.866505
1882,38,4.407536
1883,38,32095.119196
1890,38,26.599516
1891,38,-13.222609
1892,38,-96285.357588
1893,38,-8.866505
1894,38,4.407536
1895,38,32095.119196
1896,38,-8.866505
1897,38,4.407536
1898,38,32095.119196
2499,38,-6.126000
2500,38,55.263798
2501,38,16473.495068
2508,38,18.377999
2509,38,-165.791395
2510,38,-49420.485203
2511,38,-6.126000
2512,38,55.263798
2513,38,16473.495068
2514,38,-6.126000
2515,38,55.263798
2516,38,16473.495068
39,39,484859.030876
40,39,-242405.258012
41,39,-238465.970327
780,39,418030.575459
781,39,-420840.408651
782,39,-1177.969345
966,39,-0.000000
967,39,440851.134044
968,39,-443824.492422
1707,39,258747.728016
1708,39,253169.965605
1709,39,-508944.335242
1890,39,32095.119196
1891,39,-50.063622
1892,39,-0.872019
1893,39,-32095.581242
1894,39,51.948829
1895,39,347.018805
2349,39,2.347253
2350,39,-1.654184
2508,39,16473.495068
2509,39,-23.814861
2510,39,10.741619
2511,39,-16478.115530
2512,39,22.459673
2513,39,-614.905901
2967,39,3.265275
2968,39,3.665418
39,40,-242405.258012
40,40,484859.030876
41,40,-246827.286512
780,40,4396.241445
781,40,419182.757749
782,40,-419205.485546
966,40,-440851.134044
967,40,0.000000
968,40,438755.713864
1707,40,-509529.627375
1708,40,256067.015704
1709,40,255558.031851
1890,40,4.407536
1891,40,32062.353575
1892,40,-50.063622
1893,40,-6.523767
1894,40,-32062.815621
1895,40,400.211845
2350,40,2.347253
2351,40,-1.654184
2508,40,55.263798
2509,40,16497.746417
2510,40,-23.814861
2511,40,-56.218842
2512,40,-16502.366879
2513,40,625.668912
2968,40,3.265275
2969,40,3.665418
39,41,-238465.970327
40,41,-246827.286512
41,41,485824.512506
780,41,-420479.693490
781,41,-3218.272100
782,41,423166.709924
966,41,443824.492423
967,41,-438755.713865
968,41,0.000000
1707,41,255425.029284
1708,41,-509743.859165
1709,41,249250.051322
1890,41,-8.866505
1891,41,4.407536
1892,41,32095.119196
1893,41,10.751712
1894,41,-6.523767
1895,41,-32792.107275
2349,41,-1.654184
2351,41,2.347253
2508,41,-6.126000
2509,41,55.263798
2510,41,16473.495068
2511,41,4.770812
2512,41,-56.218842
2513,41,-16478.115530
2967,41,3.665418
2969,41,3.265275
1890,42,32095.119196
1891,42,-50.063622
1892,42,-0.872019
1896,42,-96285.357588
1897,42,150.190865
1898,42,2.616057
1899,42,32095.119196
1900,42,-50.063622
1901,42,-0.872019
1905,42,32095.119196
1906,42,-50.063622
1907,42,-0.872019
2508,42,16473.495068
2509,42,-23.814861
2510,42,10.741619
2514,42,-49420.485203
2515,42,71.444582
2516,42,-32.224856
2517,42,16473.495068
2518,42,-23.814861
2519,42,10.741619
2523,42,16473.495068
2524,42,-23.814861
2525,42,10.741619
1890,43,4.407536
1891,43,32062.353575
1892,43,-50.063622
1896,43,-13.222609
1897,43,-96187.060726
1898,43,150.190865
1899,43,4.407536
1900,43,32062.353575
1901,43,-50.063622
1905,43,4.407536
1906,43,32062.353575
1907,43,-50.063622
2508,43,55.263798
2509,43,16497.746417
2510,43,-23.814861
2514,43,-165.791395
2515,43,-49493.239252
2516,43,71.444582
2517,43,55.263798
2518,43,16497.746417
2519,43,-23.814861
2523,43,55.263798
2524,43,16497.746417
2525,43,-23.814861
1890,44,-8.866505
1891,44,4.407536
1892,44,32095.119196
1896,44,26.599516
1897,44,-13.222609
1898,44,-96285.357588
1899,44,-8.866505
1900,44,4.407536
1901,44,32095.119196
1905,44,-8.866505
1906,44,4.407536
1907,44,32095.119196
2508,44,-6.126000
2509,44,55.263798
2510,44,16473.495068
2514,44,18.377999
2515,44,-165.791395
2516,44,-49420.485203
2517,44,-6.126000
2518,44,55.263798
2519,44,16473.495068
2523,44,-6.126000
2524,44,55.263798
2525,44,16473.495068
45,45,484859.030876
46,45,-242405.258012
47,45,-238465.970327
771,45,418030.575459
772,45,-420840.408651
773,45,-1177.969345
972,45,-0.000000
973,45,440851.134044
974,45,-443824.492422
1698,45,258747.728016
1699,45,253169.965605
1700,45,-508944.335242
1896,45,32095.119196
1897,45,-50.063622
1898,45,-0.872019
1899,45,-64190.700438
1900,45,102.012450
1901,45,347.890824
1902,45,32095.119196
1903,45,-50.063622
1904,45,-0.872019
2340,45,2.347253
2341,45,-1.654184
2514,45,16473.495068
2515,45,-23.814861
2516,45,10.741619
2517,45,-32951.610597
2518,45,46.274534
2519,45,-625.647520
2520,45,16473.495068
2521,45,-23.814861
2522,45,10.741619
2958,45,3.265275
2959,45,3.665418
45,46,-242405.258012
46,46,484859.030876
47,46,-246827.286512
771,46,4396.241445
772,46,419182.757749
773,46,-419205.485546
972,46,-440851.134044
973,46,0.000000
974,46,438755.713864
1698,46,-509529.627375
1699,46,256067.015704
1700,46,255558.031851
1896,46,4.407536
1897,46,32062.353575
1898,46,-50.063622
1899,46,-10.931303
1900,46,-64125.169197
1901,46,450.275467
1902,46,4.407536
1903,46,32062.353575
1904,46,-50.063622
2341,46,2.347253
2342,46,-1.654184
2514,46,55.263798
2515,46,16497.746417
2516,46,-23.814861
2517,46,-111.482640
2518,46,-33000.113297
2519,46,649.483773
2520,46,55.263798
2521,46,16497.746417
2522,46,-23.814861
2959,46,3.265275
2960,46,3.665418
45,47,-238465.970327
46,47,-246827.286512
47,47,485824.512506
771,47,-420479.693490
772,47,-3218.272100
773,47,423166.709924
972,47,443824.492423
973,47,-438755.713865
974,47,0.000000
1698,47,255425.029284
1699,47,-509743.859165
1700,47,249250.051322
1896,47,-8.866505
1897,47,4.407536
1898,47,32095.119196
1899,47,19.618218
1900,47,-10.931303
1901,47,-64887.226471
1902,47,-8.866505
1903,47,4.407536
1904,47,32095.119196
2340,47,-1.654184
2342,47,2.347253
2514,47,-6.126000
2515,47,55.263798
2516,47,16473.495068
2517,47,10.896812
2518,47,-111.482640
2519,47,-32951.610597
2520,47,-6.126000
2521,47,55.263798
2522,47,16473.495068
2958,47,3.665418
2960,47,3.265275
48,48,989508.226277
49,48,-494704.608188
50,48,-486665.245566
867,48,853123.623386
868,48,-858857.976838
869,48,-2404.019072
975,48,0.000000
976,48,899696.191926
977,48,-905764.270250
1794,48,528056.587788
1795,48,516673.399193
1796,48,-1038661.908658
1899,48,32095.119196
1900,48,-50.063622
1901,48,-0.872019
1902,48,-32095.779262
1903,48,52.756775
1904,48,495.367428
2427,48,3.353219
2428,48,-2.363120
2517,48,16473.495068
2518,48,-23.814861
2519,48,10.741619
2520,48,-16480.095728
2521,48,21.878879
2522,48,-873.833451
3045,48,4.664678
3046,48,5.236312
48,49,-494704.608188
49,49,989508.226277
50,49,-503729.156148
867,49,8971.921317
868,49,855475.015814
869,49,-855521.399073
975,49,-899696.191926
976,49,-0.000000
977,49,895419.824213
1794,49,-1039856.382399
1795,49,522585.746335
1796,49,521547.003777
1899,49,4.407536
1900,49,32062.353575
1901,49,-50.063622
1902,49,-7.430723
1903,49,-32063.013641
1904,49,550.275370
2428,49,3.353219
2429,49,-2.363120
2517,49,55.263798
2518,49,16497.746417
2519,49,-23.814861
2520,49,-56.628146
2521,49,-16504.347077
2522,49,883.606363
3046,49,4.664678
3047,49,5.236312
48,50,-486665.245566
49,50,-503729.156148
50,50,991478.596951
867,50,-858121.823449
868,50,-6567.902245
869,50,863605.530457
975,50,905764.270250
976,50,-895419.824214
977,50,0.000001
1794,50,521275.569968
1795,50,-1040293.590132
1796,50,508673.574127
1899,50,-8.866505
1900,50,4.407536
1901,50,32095.119196
1902,50,11.559658
1903,50,-7.430723
1904,50,-33090.816452
2427,50,-2.363120
2429,50,3.353219
2517,50,-6.126000
2518,50,55.263798
2519,50,16473.495068
2520,50,4.190018
2521,50,-56.628146
2522,50,-16480.095728
3045,50,5.236312
3047,50,4.664678
1896,51,32095.119196
1897,51,-50.063622
1898,51,-0.872019
1905,51,-96285.357588
1906,51,150.190865
1907,51,2.616057
1908,51,32095.119196
1909,51,-50.063622
1910,51,-0.872019
1911,51,32095.119196
1912,51,-50.063622
1913,51,-0.872019
2514,51,16473.495068
2515,51,-23.814861
2516,51,10.741619
2523,51,-49420.485203
2524,51,71.444582
2525,51,-32.224856
2526,51,16473.495068
2527,51,-23.814861
2528,51,10.741619
2529,51,16473.495068
2530,51,-23.814861
2531,51,10.741619
1896,52,4.407536
1897,52,32062.353575
1898,52,-50.063622
1905,52,-13.222609
1906,52,-96187.060726
1907,52,150.190865
1908,52,4.407536
1909,52,32062.353575
1910,52,-50.063622
1911,52,4.407536
1912,52,32062.353575
1913,52,-50.063622
2514,52,55.263798
2515,52,16497.746417
2516,52,-23.814861
2523,52,-165.791395
2524,52,-49493.239252
2525,52,71.444582
2526,52,55.263798
2527,52,16497.746417
2528,52,-23.814861
2529,52,55.263798
2530,52,16497.746417
2531,52,-23.814861
1896,53,-8.866505
1897,53,4.407536
1898,53,32095.119196
1905,53,26.599516
1906,53,-13.222609
1907,53,-96285.357588
1908,53,-8.866505
1909,53,4.407536
1910,53,32095.119196
1911,53,-8.866505
1912,53,4.407536
1913,53,32095.119196
2514,53,-6.126000
2515,53,55.263798
2516,53,16473.495068
2523,53,18.377999
2524,53,-165.791395
2525,53,-49420.485203
2526,53,-6.126000
2527,53,55.263798
2528,53,16473.495068
2529,53,-6.126000
2530,53,55.263798
2531,53,16473.495068
54,54,484859.030876
55,54,-242405.258012
56,54,-238465.970327
735,54,418030.575459
736,54,-420840.408651
737,54,-1177.969345
981,54,-0.000000
982,54,440851.134044
983,54,-443824.492422
1662,54,258747.728016
1663,54,253169.965605
1664,54,-508944.335242
1905,54,32095.119196
1906,54,-50.063622
1907,54,-0.872019
1908,54,-32095.581242
1909,54,51.948829
1910,54,347.018805
2304,54,2.347253
2305,54,-1.654184
2523,54,16473.495068
2524,54,-23.814861
2525,54,10.741619
2526,54,-16478.115530
2527,54,22.459673
2528,54,-614.905901
2922,54,3.265275
2923,54,3.665418
54,55,-242405.258012
55,55,484859.030876
56,55,-246827.286512
735,55,4396.241445
736,55,419182.757749
737,55,-419205.485546
981,55,-440851.134044
982,55,0.000000
983,55,438755.713864
1662,55,-509529.627375
1663,55,256067.015704
1664,55,255558.031851
1905,55,4.407536
1906,55,32062.353575
1907,55,-50.063622
1908,55,-6.523767
1909,55,-32062.815621
1910,55,400.211845
2305,55,2.347253
2306,55,-1.654184
2523,55,55.263798
2524,55,16497.746417
2525,55,-23.814861
2526,55,-56.218842
2527,55,-16502.366879
2528,55,625.668912
2923,55,3.265275
2924,55,3.665418
54,56,-238465.970327
55,56,-246827.286512
56,56,485824.512506
735,56,-420479.693490
736,56,-3218.272100
737,56,423166.709924
981,56,443824.492423
982,56,-438755.713865
983,56,0.000000
1662,56,255425.029284
1663,56,-509743.859165
1664,56,249250.051322
1905,56,-8.866505
1906,56,4.407536
1907,56,32095.119196
1908,56,10.751712
1909,56,-6.523767
1910,56,-32792.107275
2304,56,-1.654184
2306,56,2.347253
2523,56,-6.126000
2524,56,55.263798
2525,56,16473.495068
2526,56,4.770812
2527,56,-56.218842
2528,56,-16478.115530
2922,56,3.665418
2924,56,3.265275
1905,57,32095.119196
1906,57,-50.063622
1907,57,-0.872019
1911,57,-64190.238392
1912,57,100.127243
1913,57,1.744038
1914,57,32095.119196
1915,57,-50.063622
1916,57,-0.872019
2523,57,16473.495068
2524,57,-23.814861
2525,57,10.741619
2529,57,-32946.990135
2530,57,47.629721
2531,57,-21.483237
2532,57,16473.495068
2533,57,-23.814861
2534,57,10.741619
1905,58,4.407536
1906,58,32062.353575
1907,58,-50.063622
1911,58,-8.815073
1912,58,-64124.707150
1913,58,100.127243
1914,58,4.407536
1915,58,32062.353575
1916,58,-50.063622
2523,58,55.263798
2524,58,16497.746417
2525,58,-23.814861
2529,58,-110.527597
2530,58,-32995.492835
2531,58,47.629721
2532,58,55.263798
2533,58,16497.746417
2534,58,-23.814861
1905,59,-8.866505
1906,59,4.407536
1907,59,32095.119196
1911,59,17.733011
1912,59,-8.815073
1913,59,-64190.238392
1914,59,-8.866505
1915,59,4.407536
1916,59,32095.119196
2523,59,-6.126000
2524,59,55.263798
2525,59,16473.495068
2529,59,12.252000
2530,59,-110.527597
2531,59,-32946.990135
2532,59,-6.126000
2533,59,55.263798
2534,59,16473.495068
60,60,484859.030876
61,60,-242405.258012
62,60,-238465.970327
459,60,418030.575459
460,60,-420840.408651
461,60,-1177.969345
987,60,-0.000000
988,60,440851.134044
989,60,-443824.492422
1386,60,258747.728016
1387,60,253169.965605
1388,60,-508944.335242
1911,60,32095.119196
1912,60,-50.063622
1913,60,-0.872019
1914,60,-32095.581242
1915,60,51.948829
1916,60,347.018805
2268,60,2.347253
2269,60,-1.654184
2529,60,16473.495068
2530,60,-23.814861
2531,60,10.741619
2532,60,-16478.115530
2533,60,22.459673
2534,60,-614.905901
2886,60,3.265275
2887,60,3.665418
60,61,-242405.258012
61,61,484859.030876
62,61,-246827.286512
459,61,4396.241445
460,61,419182.757749
461,61,-419205.485546
987,61,-440851.134044
988,61,0.000000
989,61,438755.713864
1386,61,-509529.627375
1387,61,256067.015704
1388,61,255558.031851
1911,61,4.407536
1912,61,32062.353575
1913,61,-50.063622
1914,61,-6.523767
1915,61,-32062.815621
1916,61,400.211845
2269,61,2.347253
2270,61,-1.654184
2529,61,55.263798
2530,61,16497.746417
2531,61,-23.814861
